1 0.000000 
 2 0.088346 
 3 0.302238 
 4 0.337716 
 5 0.270477 
 6 0.296917 
 7 0.255980 
 8 0.313338 
 9 0.432572 
 10 0.397310 
 11 0.368630 
 12 0.376250 
 13 0.356303 
 14 0.363609 
 15 0.345726 
 16 0.378954 
 17 0.360720 
 18 0.348108 
 19 0.349701 
 20 0.340551 
 21 0.328151 
 22 0.318185 
 23 0.304359 
 24 0.294704 
 25 0.285308 
 26 0.275670 
 27 0.284602 
 28 0.278244 
 29 0.268749 
 30 0.270466 
 31 0.310048 
 32 0.335937 
 33 0.349465 
 34 0.434009 
 35 0.435510 
 36 0.438441 
 37 0.426723 
 38 0.422333 
 39 0.416825 
 40 0.408045 
 41 0.403315 
 42 0.406786 
 43 0.398287 
 44 0.397760 
 45 0.389011 
 46 0.381444 
 47 0.374212 
 48 0.375470 
 49 0.393277 
 50 0.388369 
 51 0.382554 
 52 0.408617 
 53 0.401112 
 54 0.395180 
 55 0.392263 
 56 0.387080 
 57 0.382290 
 58 0.388244 
 59 0.406165 
 60 0.401390 
 61 0.399418 
 62 0.395460 
 63 0.394559 
 64 0.406025 
 65 0.416936 
 66 0.410743 
 67 0.406042 
 68 0.401509 
 69 0.398386 
 70 0.392769 
 71 0.387807 
 72 0.389882 
 73 0.394879 
 74 0.398152 
 75 0.392885 
 76 0.456905 
 77 0.451876 
 78 0.453643 
 79 0.448733 
 80 0.447452 
 81 0.447353 
 82 0.475382 
 83 0.469673 
 84 0.464518 
 85 0.467957 
 86 0.463263 
 87 0.459314 
 88 0.455580 
 89 0.460362 
 90 0.455503 
 91 0.458843 
 92 0.458079 
 93 0.458569 
 94 0.477168 
 95 0.472763 
 96 0.471183 
 97 0.469190 
 98 0.467875 
 99 0.463152 
 100 0.469162 
 101 0.487807 
 102 0.483259 
 103 0.480427 
 104 0.475889 
 105 0.471862 
 106 0.467939 
 107 0.471198 
 108 0.466971 
 109 0.464484 
 110 0.462439 
 111 0.459574 
 112 0.465742 
 113 0.474108 
 114 0.479344 
 115 0.475657 
 116 0.481527 
 117 0.478268 
 118 0.476952 
 119 0.481629 
 120 0.479832 
 121 0.478306 
 122 0.476312 
 123 0.475463 
 124 0.473226 
 125 0.471312 
 126 0.479873 
 127 0.481753 
 128 0.480196 
 129 0.479617 
 130 0.478417 
 131 0.475211 
 132 0.473880 
 133 0.471621 
 134 0.479448 
 135 0.477297 
 136 0.487953 
 137 0.485281 
 138 0.481934 
 139 0.478913 
 140 0.481822 
 141 0.478408 
 142 0.475186 
 143 0.474582 
 144 0.472318 
 145 0.469061 
 146 0.469586 
 147 0.466577 
 148 0.464384 
 149 0.464519 
 150 0.472485 
 151 0.472476 
 152 0.469511 
 153 0.466466 
 154 0.468290 
 155 0.465942 
 156 0.470209 
 157 0.467348 
 158 0.464553 
 159 0.461635 
 160 0.459342 
 161 0.457022 
 162 0.461901 
 163 0.459369 
 164 0.457849 
 165 0.455074 
 166 0.453316 
 167 0.457055 
 168 0.457323 
 169 0.455546 
 170 0.453301 
 171 0.453385 
 172 0.450791 
 173 0.450870 
 174 0.448519 
 175 0.445959 
 176 0.445240 
 177 0.443250 
 178 0.442654 
 179 0.441414 
 180 0.443803 
 181 0.441498 
 182 0.451344 
 183 0.449497 
 184 0.450498 
 185 0.448960 
 186 0.458156 
 187 0.456101 
 188 0.453700 
 189 0.452625 
 190 0.450824 
 191 0.448709 
 192 0.446379 
 193 0.448058 
 194 0.445834 
 195 0.448492 
 196 0.447084 
 197 0.444831 
 198 0.442587 
 199 0.440515 
 200 0.438394 
 201 0.444839 
 202 0.442643 
 203 0.442453 
 204 0.441609 
 205 0.441059 
 206 0.457765 
 207 0.458473 
 208 0.456271 
 209 0.455034 
 210 0.453704 
 211 0.451707 
 212 0.450025 
 213 0.449230 
 214 0.449915 
 215 0.449821 
 216 0.447738 
 217 0.452099 
 218 0.453391 
 219 0.451758 
 220 0.449744 
 221 0.448036 
 222 0.446861 
 223 0.445030 
 224 0.452835 
 225 0.450822 
 226 0.461365 
 227 0.462915 
 228 0.460894 
 229 0.458928 
 230 0.458142 
 231 0.464253 
 232 0.466336 
 233 0.466018 
 234 0.464063 
 235 0.467729 
 236 0.467338 
 237 0.467639 
 238 0.465975 
 239 0.465045 
 240 0.463740 
 241 0.465493 
 242 0.463680 
 243 0.467530 
 244 0.467005 
 245 0.465407 
 246 0.464831 
 247 0.464077 
 248 0.462565 
 249 0.460750 
 250 0.459184 
 251 0.459629 
 252 0.459016 
 253 0.459285 
 254 0.457639 
 255 0.455845 
 256 0.454268 
 257 0.454421 
 258 0.452661 
 259 0.469179 
 260 0.469377 
 261 0.469001 
 262 0.469286 
 263 0.475232 
 264 0.474092 
 265 0.474306 
 266 0.472585 
 267 0.473789 
 268 0.472021 
 269 0.471449 
 270 0.470758 
 271 0.470281 
 272 0.470111 
 273 0.468400 
 274 0.467789 
 275 0.466138 
 276 0.464566 
 277 0.462997 
 278 0.463362 
 279 0.462049 
 280 0.463113 
 281 0.461497 
 282 0.460607 
 283 0.459133 
 284 0.461700 
 285 0.464910 
 286 0.464152 
 287 0.468246 
 288 0.467405 
 289 0.465833 
 290 0.464644 
 291 0.463760 
 292 0.463510 
 293 0.468178 
 294 0.467797 
 295 0.466555 
 296 0.465376 
 297 0.464870 
 298 0.465883 
 299 0.465655 
 300 0.465071 
 301 0.463624 
 302 0.462784 
 303 0.461279 
 304 0.462458 
 305 0.461626 
 306 0.460128 
 307 0.459491 
 308 0.458468 
 309 0.457424 
 310 0.456454 
 311 0.456463 
 312 0.455482 
 313 0.454097 
 314 0.457468 
 315 0.456454 
 316 0.455265 
 317 0.453918 
 318 0.452806 
 319 0.454846 
 320 0.453815 
 321 0.454081 
 322 0.452950 
 323 0.451682 
 324 0.451287 
 325 0.450537 
 326 0.450853 
 327 0.449478 
 328 0.448679 
 329 0.447332 
 330 0.446940 
 331 0.445606 
 332 0.444356 
 333 0.445450 
 334 0.444610 
 335 0.445109 
 336 0.443818 
 337 0.443124 
 338 0.442671 
 339 0.441632 
 340 0.442741 
 341 0.441498 
 342 0.442499 
 343 0.442604 
 344 0.441810 
 345 0.440579 
 346 0.439934 
 347 0.440392 
 348 0.439596 
 349 0.439048 
 350 0.437853 
 351 0.439778 
 352 0.438534 
 353 0.442908 
 354 0.444321 
 355 0.443138 
 356 0.442267 
 357 0.441052 
 358 0.441049 
 359 0.440652 
 360 0.439583 
 361 0.441777 
 362 0.441036 
 363 0.440519 
 364 0.439665 
 365 0.441467 
 366 0.441243 
 367 0.441925 
 368 0.441592 
 369 0.440738 
 370 0.439549 
 371 0.440955 
 372 0.441627 
 373 0.440445 
 374 0.439323 
 375 0.438501 
 376 0.437629 
 377 0.436766 
 378 0.435821 
 379 0.439158 
 380 0.438048 
 381 0.445253 
 382 0.445136 
 383 0.445449 
 384 0.444647 
 385 0.444505 
 386 0.443742 
 387 0.442596 
 388 0.442946 
 389 0.443517 
 390 0.442380 
 391 0.441583 
 392 0.440773 
 393 0.440800 
 394 0.439935 
 395 0.438826 
 396 0.438471 
 397 0.440127 
 398 0.439431 
 399 0.438478 
 400 0.437946 
 401 0.437052 
 402 0.435965 
 403 0.435803 
 404 0.435075 
 405 0.434009 
 406 0.432941 
 407 0.434052 
 408 0.433286 
 409 0.434292 
 410 0.433378 
 411 0.433606 
 412 0.432600 
 413 0.431801 
 414 0.430850 
 415 0.429859 
 416 0.429136 
 417 0.431180 
 418 0.430297 
 419 0.436835 
 420 0.436754 
 421 0.436182 
 422 0.435501 
 423 0.435039 
 424 0.434014 
 425 0.434183 
 426 0.433388 
 427 0.432378 
 428 0.434459 
 429 0.434662 
 430 0.433817 
 431 0.434205 
 432 0.434543 
 433 0.433552 
 434 0.432840 
 435 0.431847 
 436 0.430889 
 437 0.430194 
 438 0.429298 
 439 0.429663 
 440 0.428711 
 441 0.429186 
 442 0.432554 
 443 0.432413 
 444 0.432114 
 445 0.432077 
 446 0.431230 
 447 0.430424 
 448 0.430274 
 449 0.429516 
 450 0.429619 
 451 0.431930 
 452 0.431544 
 453 0.430602 
 454 0.429808 
 455 0.430730 
 456 0.429785 
 457 0.429081 
 458 0.430649 
 459 0.433820 
 460 0.433877 
 461 0.435368 
 462 0.434698 
 463 0.434235 
 464 0.433303 
 465 0.432556 
 466 0.431749 
 467 0.431520 
 468 0.430812 
 469 0.430036 
 470 0.429438 
 471 0.431317 
 472 0.430961 
 473 0.430208 
 474 0.429350 
 475 0.429449 
 476 0.430586 
 477 0.430049 
 478 0.429149 
 479 0.428979 
 480 0.428142 
 481 0.428415 
 482 0.429124 
 483 0.428245 
 484 0.427370 
 485 0.428570 
 486 0.428352 
 487 0.428151 
 488 0.427836 
 489 0.427357 
 490 0.428479 
 491 0.427675 
 492 0.426811 
 493 0.426024 
 494 0.425902 
 495 0.425143 
 496 0.424606 
 497 0.424507 
 498 0.424212 
 499 0.423450 
 500 0.422617 
 501 0.421784 
 502 0.421556 
 503 0.420873 
 504 0.420297 
 505 0.420256 
 506 0.420271 
 507 0.419636 
 508 0.419770 
 509 0.422405 
 510 0.421586 
 511 0.421949 
 512 0.421425 
 513 0.421264 
 514 0.423207 
 515 0.422394 
 516 0.421577 
 517 0.421048 
 518 0.421506 
 519 0.420694 
 520 0.419933 
 521 0.419175 
 522 0.418374 
 523 0.418456 
 524 0.417804 
 525 0.417041 
 526 0.417966 
 527 0.418875 
 528 0.418107 
 529 0.417816 
 530 0.417144 
 531 0.416359 
 532 0.415602 
 533 0.415100 
 534 0.414330 
 535 0.413578 
 536 0.413421 
 537 0.412676 
 538 0.412397 
 539 0.414255 
 540 0.413518 
 541 0.412769 
 542 0.413166 
 543 0.412775 
 544 0.412377 
 545 0.415915 
 546 0.415964 
 547 0.415269 
 548 0.414774 
 549 0.414036 
 550 0.413406 
 551 0.412908 
 552 0.412160 
 553 0.411428 
 554 0.410823 
 555 0.410148 
 556 0.410514 
 557 0.411419 
 558 0.411394 
 559 0.411269 
 560 0.410571 
 561 0.409839 
 562 0.411255 
 563 0.410534 
 564 0.409906 
 565 0.410459 
 566 0.411306 
 567 0.410600 
 568 0.410948 
 569 0.410846 
 570 0.410743 
 571 0.410023 
 572 0.409541 
 573 0.409008 
 574 0.409678 
 575 0.408967 
 576 0.409107 
 577 0.409202 
 578 0.410328 
 579 0.409689 
 580 0.409135 
 581 0.408697 
 582 0.408684 
 583 0.407985 
 584 0.407729 
 585 0.407079 
 586 0.408655 
 587 0.409281 
 588 0.408832 
 589 0.408205 
 590 0.407550 
 591 0.407300 
 592 0.406612 
 593 0.407344 
 594 0.406921 
 595 0.406934 
 596 0.406313 
 597 0.405679 
 598 0.405001 
 599 0.404440 
 600 0.405807 
 601 0.408285 
 602 0.407813 
 603 0.408640 
 604 0.408387 
 605 0.407751 
 606 0.407152 
 607 0.406771 
 608 0.406233 
 609 0.405651 
 610 0.405330 
 611 0.404931 
 612 0.404991 
 613 0.404479 
 614 0.404501 
 615 0.403941 
 616 0.404194 
 617 0.403673 
 618 0.403262 
 619 0.402936 
 620 0.402706 
 621 0.402343 
 622 0.404213 
 623 0.406676 
 624 0.406583 
 625 0.407473 
 626 0.407231 
 627 0.406697 
 628 0.406331 
 629 0.406041 
 630 0.405396 
 631 0.405469 
 632 0.405742 
 633 0.405173 
 634 0.405374 
 635 0.406095 
 636 0.405602 
 637 0.405059 
 638 0.405206 
 639 0.404598 
 640 0.404009 
 641 0.403414 
 642 0.403108 
 643 0.403654 
 644 0.403065 
 645 0.402852 
 646 0.402264 
 647 0.401647 
 648 0.401030 
 649 0.400413 
 650 0.401025 
 651 0.400504 
 652 0.400888 
 653 0.400718 
 654 0.400905 
 655 0.401610 
 656 0.401026 
 657 0.400607 
 658 0.403513 
 659 0.402963 
 660 0.406162 
 661 0.408582 
 662 0.408352 
 663 0.408432 
 664 0.407817 
 665 0.407755 
 666 0.407165 
 667 0.406616 
 668 0.406009 
 669 0.405449 
 670 0.404880 
 671 0.404473 
 672 0.404042 
 673 0.403728 
 674 0.404882 
 675 0.409512 
 676 0.409208 
 677 0.410460 
 678 0.411680 
 679 0.412429 
 680 0.411868 
 681 0.412745 
 682 0.412347 
 683 0.411965 
 684 0.411783 
 685 0.411320 
 686 0.410876 
 687 0.410595 
 688 0.410168 
 689 0.409598 
 690 0.409532 
 691 0.410356 
 692 0.410321 
 693 0.410327 
 694 0.411552 
 695 0.410961 
 696 0.410428 
 697 0.409985 
 698 0.409401 
 699 0.409413 
 700 0.409436 
 701 0.408854 
 702 0.415171 
 703 0.414587 
 704 0.414119 
 705 0.413806 
 706 0.415106 
 707 0.414868 
 708 0.415939 
 709 0.415864 
 710 0.417402 
 711 0.417380 
 712 0.416798 
 713 0.416661 
 714 0.416089 
 715 0.416346 
 716 0.416788 
 717 0.416497 
 718 0.415989 
 719 0.415421 
 720 0.417240 
 721 0.416673 
 722 0.416106 
 723 0.415541 
 724 0.415031 
 725 0.414684 
 726 0.414780 
 727 0.414264 
 728 0.413744 
 729 0.413185 
 730 0.415502 
 731 0.415017 
 732 0.415024 
 733 0.414516 
 734 0.416662 
 735 0.417136 
 736 0.418561 
 737 0.418100 
 738 0.419128 
 739 0.418577 
 740 0.418972 
 741 0.418468 
 742 0.419496 
 743 0.418964 
 744 0.418964 
 745 0.418991 
 746 0.419082 
 747 0.419516 
 748 0.419870 
 749 0.419350 
 750 0.420361 
 751 0.420440 
 752 0.419986 
 753 0.419455 
 754 0.419145 
 755 0.418658 
 756 0.419481 
 757 0.419601 
 758 0.419889 
 759 0.419399 
 760 0.419432 
 761 0.418883 
 762 0.419173 
 763 0.419011 
 764 0.418534 
 765 0.419213 
 766 0.418722 
 767 0.419034 
 768 0.420133 
 769 0.419679 
 770 0.419171 
 771 0.418747 
 772 0.418360 
 773 0.417820 
 774 0.417282 
 775 0.417233 
 776 0.416695 
 777 0.416347 
 778 0.415944 
 779 0.417380 
 780 0.417206 
 781 0.416981 
 782 0.416682 
 783 0.416284 
 784 0.415801 
 785 0.415502 
 786 0.415509 
 787 0.415552 
 788 0.415029 
 789 0.414806 
 790 0.414612 
 791 0.414121 
 792 0.413757 
 793 0.414416 
 794 0.413915 
 795 0.413621 
 796 0.415255 
 797 0.415314 
 798 0.414800 
 799 0.414795 
 800 0.415032 
 801 0.416045 
 802 0.417915 
 803 0.417418 
 804 0.416906 
 805 0.416578 
 806 0.416084 
 807 0.415915 
 808 0.416294 
 809 0.415797 
 810 0.415970 
 811 0.415734 
 812 0.416147 
 813 0.416914 
 814 0.417354 
 815 0.417599 
 816 0.417220 
 817 0.416866 
 818 0.416356 
 819 0.416516 
 820 0.416089 
 821 0.415703 
 822 0.415629 
 823 0.415195 
 824 0.414782 
 825 0.414417 
 826 0.414229 
 827 0.413934 
 828 0.414091 
 829 0.413705 
 830 0.413538 
 831 0.413128 
 832 0.412674 
 833 0.412316 
 834 0.413042 
 835 0.413713 
 836 0.415866 
 837 0.415382 
 838 0.415003 
 839 0.414758 
 840 0.415067 
 841 0.415561 
 842 0.415209 
 843 0.414894 
 844 0.415246 
 845 0.414776 
 846 0.416602 
 847 0.416116 
 848 0.415712 
 849 0.415276 
 850 0.416434 
 851 0.416232 
 852 0.416213 
 853 0.415818 
 854 0.415364 
 855 0.414978 
 856 0.414495 
 857 0.414092 
 858 0.413610 
 859 0.414332 
 860 0.413850 
 861 0.413609 
 862 0.413349 
 863 0.412922 
 864 0.412868 
 865 0.413236 
 866 0.412977 
 867 0.412955 
 868 0.412844 
 869 0.412763 
 870 0.412412 
 871 0.412399 
 872 0.412094 
 873 0.411683 
 874 0.414309 
 875 0.416372 
 876 0.415899 
 877 0.415634 
 878 0.415912 
 879 0.415565 
 880 0.415643 
 881 0.415176 
 882 0.415585 
 883 0.415664 
 884 0.415272 
 885 0.415339 
 886 0.414979 
 887 0.419435 
 888 0.419027 
 889 0.418630 
 890 0.418381 
 891 0.417914 
 892 0.417679 
 893 0.417215 
 894 0.416759 
 895 0.416481 
 896 0.416036 
 897 0.415597 
 898 0.415187 
 899 0.414813 
 900 0.414353 
 901 0.414452 
 902 0.417780 
 903 0.417609 
 904 0.417975 
 905 0.418724 
 906 0.418278 
 907 0.417878 
 908 0.417418 
 909 0.417207 
 910 0.416784 
 911 0.416329 
 912 0.416392 
 913 0.416973 
 914 0.416627 
 915 0.416362 
 916 0.415935 
 917 0.416894 
 918 0.416441 
 919 0.415989 
 920 0.416481 
 921 0.416309 
 922 0.416024 
 923 0.415714 
 924 0.415277 
 925 0.415053 
 926 0.416076 
 927 0.415805 
 928 0.415599 
 929 0.415254 
 930 0.414813 
 931 0.414399 
 932 0.414100 
 933 0.413762 
 934 0.413606 
 935 0.413549 
 936 0.413201 
 937 0.412805 
 938 0.412563 
 939 0.412161 
 940 0.412099 
 941 0.411679 
 942 0.411580 
 943 0.411303 
 944 0.411279 
 945 0.410844 
 946 0.410432 
 947 0.410822 
 948 0.410541 
 949 0.410254 
 950 0.409833 
 951 0.409809 
 952 0.409694 
 953 0.409750 
 954 0.409368 
 955 0.408959 
 956 0.408578 
 957 0.408259 
 958 0.407905 
 959 0.407627 
 960 0.407252 
 961 0.407765 
 962 0.407342 
 963 0.406919 
 964 0.407178 
 965 0.407062 
 966 0.406886 
 967 0.407449 
 968 0.407074 
 969 0.407316 
 970 0.406933 
 971 0.407608 
 972 0.407208 
 973 0.406828 
 974 0.406478 
 975 0.407228 
 976 0.407054 
 977 0.407348 
 978 0.409172 
 979 0.408924 
 980 0.408537 
 981 0.408670 
 982 0.408273 
 983 0.407935 
 984 0.407956 
 985 0.407598 
 986 0.407437 
 987 0.407182 
 988 0.407596 
 989 0.407413 
 990 0.407004 
 991 0.406883 
 992 0.406516 
 993 0.408080 
 994 0.409553 
 995 0.409308 
 996 0.408962 
 997 0.408613 
 998 0.408722 
 999 0.409067 
 