0 0.000000 0.000000 0.000000 0.000000 0.000000 0.515893
1 0.025453 0.009176 0.202151 0.014202 0.296433 0.522957
2 0.041783 0.013016 0.283967 0.016808 0.372455 0.476399
3 0.063327 0.016548 0.360977 0.018903 0.450082 0.546040
4 0.085211 0.018140 0.384821 0.019441 0.450777 0.495495
5 0.083941 0.018646 0.408259 0.020040 0.480662 0.507135
6 0.064211 0.019003 0.431599 0.020686 0.500130 0.522804
7 0.064222 0.020797 0.457013 0.021292 0.520204 0.488432
8 0.077434 0.019768 0.453421 0.021163 0.505419 0.463865
9 0.043157 0.018599 0.421250 0.020489 0.479307 0.488701
10 0.049187 0.020304 0.460269 0.021408 0.519234 0.531952
11 0.054507 0.020291 0.455644 0.021287 0.528555 0.540073
12 0.033715 0.019528 0.425513 0.020611 0.487025 0.498086
13 0.032005 0.021611 0.442058 0.021011 0.510708 0.528057
14 0.017016 0.020710 0.428928 0.020714 0.490048 0.484909
15 -0.005972 0.020906 0.445467 0.021116 0.498621 0.511408
16 -0.003849 0.018225 0.404498 0.020122 0.469712 0.501067
17 -0.010763 0.019534 0.421761 0.020544 0.479020 0.488873
18 0.013303 0.020468 0.429418 0.020728 0.493680 0.540352
19 0.016857 0.020816 0.450496 0.021229 0.504013 0.511902
20 0.000994 0.021753 0.478242 0.021880 0.511905 0.491563
21 0.015602 0.020978 0.480306 0.021921 0.508230 0.477848
22 0.028498 0.019090 0.427466 0.020666 0.467513 0.474409
23 0.020264 0.017225 0.410002 0.020248 0.462182 0.459852
24 0.030639 0.019844 0.445143 0.021087 0.504643 0.542022
25 0.023135 0.020025 0.433656 0.020822 0.476181 0.509994
26 0.054822 0.019962 0.456922 0.021316 0.494892 0.461062
27 0.035499 0.019080 0.441831 0.021000 0.503985 0.498792
28 0.035499 0.019080 0.441831 0.021000 0.503985 0.530107
29 0.054212 0.018984 0.426467 0.020590 0.519687 0.495406
30 0.048038 0.017689 0.405108 0.020080 0.475050 0.478990
31 0.024788 0.018461 0.435111 0.020855 0.509721 0.535853
32 0.037973 0.018426 0.425145 0.020594 0.501151 0.463644
33 0.003024 0.018688 0.433408 0.020829 0.494044 0.480186
34 -0.007535 0.019465 0.429309 0.020729 0.477777 0.481666
35 -0.011347 0.018816 0.447969 0.021173 0.498162 0.516566
36 -0.003509 0.019800 0.447625 0.021167 0.502283 0.533736
37 -0.001983 0.020035 0.440708 0.021003 0.484934 0.476454
38 0.018046 0.022023 0.488543 0.022107 0.541400 0.555000
39 0.053694 0.020494 0.463800 0.021480 0.521270 0.478351
40 0.041661 0.020409 0.465309 0.021542 0.516882 0.516375
41 0.075918 0.021278 0.474286 0.021656 0.523289 0.517346
42 0.038651 0.018896 0.429813 0.020706 0.489284 0.490439
43 0.027413 0.018737 0.427634 0.020671 0.488702 0.515258
44 0.002815 0.019107 0.418563 0.020469 0.490513 0.485545
45 -0.032755 0.019181 0.431446 0.020756 0.486591 0.507822
46 -0.024141 0.019994 0.422948 0.020562 0.471375 0.470785
47 -0.011428 0.019708 0.427063 0.020673 0.458732 0.489153
48 -0.026006 0.018962 0.438250 0.020929 0.497119 0.474266
49 -0.013249 0.018725 0.433130 0.020818 0.481764 0.520607
50 -0.020940 0.020632 0.457452 0.021389 0.513344 0.501223
51 -0.023424 0.021873 0.462361 0.021501 0.514660 0.490408
52 -0.039579 0.019967 0.438813 0.020921 0.491709 0.498195
53 -0.043594 0.019728 0.425080 0.020582 0.460637 0.466106
54 -0.031797 0.018949 0.434106 0.020821 0.479375 0.485560
55 -0.013147 0.020114 0.447568 0.021162 0.492626 0.487099
56 -0.003700 0.019880 0.443025 0.021058 0.512192 0.526113
57 -0.022557 0.018644 0.414052 0.020346 0.471368 0.448931
58 -0.018006 0.017784 0.425491 0.020630 0.491718 0.516253
59 -0.003513 0.019930 0.446541 0.021142 0.496296 0.507329
60 0.005211 0.020932 0.442323 0.021041 0.501861 0.519047
61 -0.002069 0.020243 0.443821 0.021078 0.503210 0.504484
62 -0.013576 0.018286 0.423464 0.020584 0.481637 0.473165
63 -0.037886 0.017853 0.422156 0.020522 0.492037 0.471693
64 -0.018486 0.019962 0.451811 0.021258 0.517697 0.535179
65 -0.012221 0.017976 0.428973 0.020718 0.501758 0.478169
66 -0.006645 0.018363 0.433523 0.020831 0.501090 0.510288
67 -0.022887 0.017868 0.410299 0.020253 0.474411 0.496959
68 0.002069 0.019440 0.405635 0.020150 0.463857 0.483210
69 0.028497 0.021158 0.423669 0.020574 0.474623 0.514781
70 0.008611 0.021245 0.430682 0.020761 0.486283 0.479900
71 -0.000957 0.021712 0.450292 0.021231 0.516264 0.529543
72 -0.006141 0.020879 0.458211 0.021416 0.510593 0.512844
73 0.015508 0.019105 0.444086 0.021078 0.490994 0.480626
74 0.040279 0.016689 0.411818 0.020263 0.452347 0.468284
75 -0.001043 0.017796 0.413028 0.020333 0.462726 0.471679
76 0.001998 0.019777 0.454762 0.021336 0.511240 0.536503
77 -0.002710 0.019328 0.425914 0.020648 0.470686 0.472435
78 0.002533 0.018210 0.411645 0.020299 0.467233 0.476070
79 0.008801 0.018522 0.398546 0.019972 0.453552 0.479734
80 0.024004 0.017266 0.414393 0.020353 0.468841 0.483218
81 0.040682 0.018078 0.421785 0.020507 0.475588 0.500225
82 0.004332 0.018106 0.398229 0.019965 0.454033 0.465397
83 -0.007279 0.016819 0.397225 0.019939 0.473646 0.492314
84 0.000935 0.018199 0.410911 0.020281 0.463187 0.499600
85 0.006315 0.020410 0.469442 0.021677 0.535745 0.509892
86 0.015364 0.019560 0.459243 0.021435 0.525741 0.495038
87 -0.019416 0.019583 0.439196 0.020958 0.509837 0.516281
88 -0.009732 0.018523 0.426059 0.020649 0.498043 0.490255
89 0.005927 0.018747 0.425259 0.020631 0.479703 0.473416
90 0.021511 0.019081 0.421745 0.020535 0.477597 0.467258
91 0.011359 0.018145 0.435244 0.020870 0.474682 0.486924
92 0.012004 0.018559 0.445316 0.021110 0.494281 0.491268
93 0.024532 0.020220 0.458323 0.021405 0.502587 0.499634
94 0.016887 0.019849 0.454528 0.021324 0.487084 0.508034
95 0.016887 0.019849 0.454528 0.021324 0.487084 0.500663
96 0.048491 0.019804 0.437350 0.020867 0.480704 0.453304
97 0.050323 0.021416 0.472850 0.021698 0.535304 0.559037
98 0.048474 0.019766 0.449887 0.021166 0.530811 0.514980
99 0.032739 0.019343 0.454269 0.021299 0.510600 0.493724
100 0.032139 0.021315 0.455091 0.021319 0.512754 0.502025
101 -0.003768 0.020107 0.445920 0.021127 0.515691 0.470259
102 0.002232 0.019325 0.442399 0.021044 0.498829 0.476508
103 -0.012485 0.020434 0.426731 0.020664 0.500484 0.495653
104 -0.014447 0.018215 0.401340 0.020038 0.469650 0.445905
105 0.006592 0.018548 0.437054 0.020915 0.513935 0.532529
106 -0.008575 0.019204 0.451053 0.021247 0.507566 0.492907
107 0.021967 0.018696 0.430504 0.020747 0.474287 0.460779
108 0.021301 0.019717 0.427880 0.020685 0.486420 0.496746
109 0.038552 0.018955 0.421425 0.020503 0.483036 0.487698
110 0.026464 0.019507 0.437817 0.020918 0.520806 0.521140
111 0.042427 0.018170 0.430597 0.020718 0.492458 0.511894
112 0.030147 0.019307 0.426768 0.020647 0.487699 0.496086
113 0.021108 0.020142 0.462601 0.021509 0.522201 0.500483
114 0.007043 0.021040 0.482645 0.021979 0.560486 0.517669
115 0.003234 0.019825 0.451542 0.021260 0.528668 0.467686
116 0.001015 0.018917 0.431458 0.020782 0.499076 0.502496
117 -0.002820 0.019308 0.440391 0.020996 0.514387 0.499284
118 -0.023853 0.020651 0.447402 0.021149 0.518510 0.489188
119 -0.024334 0.020755 0.433583 0.020819 0.509797 0.517348
120 -0.032066 0.018410 0.435116 0.020845 0.492093 0.479003
121 -0.038468 0.018707 0.448822 0.021161 0.495251 0.474770
122 -0.026117 0.018883 0.432580 0.020793 0.489337 0.466208
123 -0.019654 0.019406 0.443611 0.021063 0.498795 0.497536
124 -0.019654 0.019406 0.443611 0.021063 0.498795 0.477568
125 -0.019654 0.019406 0.443611 0.021063 0.498795 0.516462
126 -0.019654 0.019406 0.443611 0.021063 0.498795 0.498652
127 -0.014936 0.021760 0.473656 0.021769 0.529477 0.491624
128 0.000544 0.021149 0.460085 0.021460 0.526403 0.514808
129 0.003655 0.022030 0.473865 0.021779 0.522971 0.525520
130 0.022570 0.021228 0.461000 0.021470 0.515710 0.501953
131 0.044619 0.020673 0.467164 0.021579 0.507575 0.495209
132 0.027589 0.022084 0.476731 0.021828 0.519189 0.521908
133 0.039659 0.022443 0.476642 0.021807 0.522672 0.490224
134 0.020444 0.020589 0.448521 0.021179 0.497332 0.496965
135 0.006286 0.021613 0.424218 0.020606 0.468445 0.449425
136 0.013819 0.021478 0.444730 0.021095 0.486072 0.502347
137 0.013548 0.018817 0.430571 0.020756 0.468201 0.505907
138 0.023570 0.019574 0.430067 0.020735 0.482189 0.513182
139 0.008464 0.017619 0.404495 0.020120 0.478382 0.491582
140 -0.007971 0.017422 0.382073 0.019555 0.447866 0.477536
141 -0.005157 0.016999 0.391120 0.019786 0.469045 0.486591
142 -0.001082 0.017730 0.392588 0.019824 0.475694 0.506615
143 0.014757 0.018820 0.409528 0.020242 0.480790 0.485188
144 0.018280 0.017289 0.408424 0.020211 0.493395 0.485881
145 0.021622 0.017095 0.419123 0.020471 0.491229 0.489790
146 0.024701 0.018756 0.432859 0.020801 0.493668 0.506297
147 0.015109 0.020150 0.433568 0.020827 0.499103 0.498915
148 -0.034733 0.021800 0.460620 0.021445 0.493796 0.493437
149 -0.030899 0.019264 0.458373 0.021398 0.494957 0.506067
150 -0.026759 0.019975 0.471487 0.021708 0.510603 0.481970
151 -0.031451 0.021425 0.494203 0.022220 0.532284 0.528578
152 -0.006454 0.020786 0.475283 0.021811 0.510809 0.479532
153 -0.015412 0.020460 0.469908 0.021683 0.505293 0.482158
154 0.001410 0.021978 0.485717 0.022050 0.524613 0.520278
155 -0.002807 0.020804 0.467825 0.021640 0.498032 0.442586
156 0.037500 0.021343 0.497588 0.022286 0.542708 0.547296
157 0.007870 0.021000 0.486946 0.022076 0.524422 0.518804
158 -0.021313 0.021389 0.477746 0.021858 0.513257 0.496186
159 -0.036922 0.021525 0.468143 0.021616 0.513323 0.512449
160 -0.042574 0.021355 0.478118 0.021835 0.530371 0.507361
161 -0.024910 0.018794 0.439978 0.020971 0.498280 0.511994
162 -0.010418 0.020285 0.438006 0.020936 0.489335 0.498637
163 0.002615 0.020168 0.427946 0.020697 0.493803 0.463966
164 0.018293 0.018783 0.411784 0.020294 0.482391 0.498737
165 0.003772 0.017895 0.420453 0.020515 0.507307 0.537308
166 0.015721 0.018330 0.413467 0.020338 0.492357 0.512309
167 0.021294 0.017827 0.385141 0.019623 0.450831 0.465518
168 0.021294 0.017827 0.385141 0.019623 0.450831 0.501373
169 0.028732 0.019001 0.425410 0.020616 0.511558 0.534594
170 0.043131 0.018475 0.406252 0.020120 0.467268 0.479583
171 0.022554 0.019330 0.417524 0.020431 0.465658 0.487683
172 -0.004078 0.019851 0.433805 0.020838 0.471157 0.490756
173 0.012096 0.019585 0.443868 0.021075 0.480205 0.508273
174 0.015541 0.021673 0.478391 0.021878 0.519026 0.506692
175 0.021603 0.019731 0.457425 0.021387 0.504193 0.496206
176 0.027252 0.018645 0.429972 0.020728 0.464425 0.473584
177 0.018999 0.019009 0.425466 0.020628 0.478279 0.467299
178 -0.015672 0.018401 0.415464 0.020387 0.482486 0.502899
179 -0.025991 0.017322 0.409238 0.020223 0.468201 0.479678
180 -0.038348 0.018547 0.426898 0.020636 0.475570 0.483322
181 -0.040077 0.020033 0.437935 0.020899 0.480585 0.507613
182 -0.051499 0.019165 0.433329 0.020763 0.479534 0.477196
183 -0.074023 0.018769 0.447199 0.021028 0.485568 0.503079
184 -0.073380 0.020047 0.480357 0.021805 0.527230 0.523513
185 -0.087162 0.019231 0.450268 0.021050 0.489739 0.470528
186 -0.085750 0.018415 0.426920 0.020494 0.471261 0.487710
187 -0.072088 0.018886 0.436394 0.020776 0.496653 0.503612
188 -0.094425 0.020377 0.445889 0.020914 0.497118 0.492284
189 -0.064304 0.020062 0.456602 0.021282 0.506706 0.524886
190 -0.045833 0.021000 0.459123 0.021389 0.503438 0.474976
191 -0.024114 0.019785 0.455931 0.021350 0.533167 0.541190
192 -0.028108 0.018489 0.423028 0.020559 0.487295 0.479399
193 -0.016690 0.020089 0.445137 0.021102 0.482632 0.465204
194 0.020324 0.019490 0.455988 0.021355 0.500865 0.490338
195 0.020487 0.019625 0.458982 0.021425 0.518037 0.488966
196 0.017331 0.021290 0.459374 0.021437 0.516581 0.490294
197 -0.001068 0.019933 0.455119 0.021344 0.494834 0.486950
198 -0.003538 0.019876 0.452946 0.021293 0.499008 0.491151
199 0.000282 0.021379 0.466402 0.021607 0.494606 0.500946
200 0.000282 0.021379 0.466402 0.021607 0.494606 0.503788
201 0.000282 0.021379 0.466402 0.021607 0.494606 0.508583
202 0.000282 0.021379 0.466402 0.021607 0.494606 0.475518
203 0.011219 0.020472 0.458718 0.021425 0.481435 0.492226
204 0.022963 0.019873 0.455728 0.021346 0.512895 0.518227
205 0.038090 0.020523 0.472311 0.021710 0.508962 0.504062
206 0.064951 0.019807 0.477035 0.021755 0.513605 0.505603
207 0.067426 0.019584 0.466553 0.021505 0.500550 0.466569
208 0.046137 0.018090 0.434629 0.020807 0.477615 0.497480
209 0.038414 0.020210 0.460361 0.021432 0.520625 0.515011
210 0.050626 0.020136 0.456844 0.021325 0.534302 0.522347
211 0.024293 0.018650 0.434833 0.020849 0.511480 0.509161
212 0.023133 0.019827 0.434935 0.020853 0.504866 0.524762
213 0.018148 0.020121 0.431950 0.020786 0.499218 0.499076
214 0.019668 0.018895 0.422864 0.020565 0.480822 0.501570
215 0.001067 0.020196 0.462816 0.021524 0.513262 0.506832
216 0.020043 0.020581 0.464493 0.021554 0.504683 0.474119
217 0.002466 0.022977 0.478307 0.021881 0.512455 0.505181
218 0.049620 0.022142 0.471631 0.021671 0.510065 0.480384
219 0.068544 0.022505 0.478894 0.021787 0.526479 0.514943
220 0.058183 0.020435 0.435698 0.020803 0.484031 0.469069
221 0.042597 0.021129 0.465888 0.021553 0.524330 0.523018
222 0.038515 0.021479 0.470633 0.021671 0.508276 0.500437
223 0.026171 0.020401 0.462917 0.021510 0.500703 0.476399
224 0.012509 0.019628 0.460557 0.021468 0.481671 0.496378
225 -0.014910 0.022567 0.518383 0.022775 0.548563 0.521309
226 -0.021324 0.022374 0.510537 0.022596 0.547359 0.509678
227 -0.041906 0.020411 0.481604 0.021916 0.530998 0.538541
228 -0.034568 0.020130 0.464549 0.021536 0.508874 0.487756
229 -0.025698 0.019933 0.459571 0.021433 0.489650 0.513663
230 -0.028368 0.020889 0.471800 0.021713 0.508371 0.496804
231 -0.010317 0.019634 0.467613 0.021633 0.510490 0.502860
232 -0.035970 0.022434 0.492995 0.022185 0.533906 0.513287
233 -0.043264 0.022943 0.487632 0.022051 0.538258 0.503722
234 -0.022960 0.019897 0.460027 0.021447 0.498791 0.476886
235 -0.030335 0.020555 0.450672 0.021218 0.490306 0.474328
236 -0.049929 0.019185 0.423345 0.020525 0.453967 0.464408
237 -0.060254 0.020172 0.453269 0.021215 0.511977 0.537310
238 -0.044305 0.018291 0.427762 0.020645 0.493224 0.491461
239 -0.041299 0.020192 0.458572 0.021385 0.513105 0.516553
240 -0.053357 0.020724 0.456305 0.021305 0.517562 0.493603
241 -0.059772 0.021267 0.467671 0.021554 0.514773 0.487104
242 -0.106115 0.019427 0.444464 0.020824 0.490634 0.493524
243 -0.120074 0.018479 0.424643 0.020264 0.459680 0.507706
244 -0.105470 0.020220 0.445347 0.020848 0.475894 0.499714
245 -0.086222 0.018322 0.419903 0.020320 0.456258 0.471211
246 -0.097613 0.019285 0.432112 0.020567 0.490760 0.494491
247 -0.076723 0.021356 0.434247 0.020707 0.494700 0.514587
248 -0.057926 0.019528 0.427998 0.020617 0.470829 0.508276
249 -0.054760 0.019448 0.451475 0.021188 0.491759 0.506660
250 -0.036981 0.020342 0.463814 0.021515 0.514628 0.543394
251 -0.059966 0.020887 0.445605 0.021035 0.497661 0.472154
252 -0.051312 0.020728 0.461781 0.021438 0.506821 0.486072
253 -0.051875 0.020700 0.458803 0.021367 0.514276 0.502401
254 -0.045482 0.020073 0.455054 0.021294 0.502512 0.499889
255 -0.070126 0.020667 0.474432 0.021679 0.524181 0.517800
256 -0.049177 0.020787 0.479057 0.021843 0.535319 0.521735
257 -0.059914 0.020550 0.481268 0.021867 0.538277 0.527907
258 -0.035780 0.021147 0.478707 0.021861 0.521732 0.491958
259 -0.031785 0.020228 0.470094 0.021669 0.517573 0.475450
260 -0.034776 0.019989 0.435425 0.020848 0.485029 0.479778
261 -0.036158 0.017692 0.401405 0.020012 0.458736 0.437082
262 -0.035370 0.017681 0.400637 0.019995 0.472569 0.520299
263 -0.021800 0.018612 0.405451 0.020134 0.476973 0.478239
264 -0.018479 0.018142 0.405476 0.020138 0.486626 0.521985
265 -0.021999 0.019075 0.410197 0.020251 0.482949 0.513212
266 -0.044878 0.017815 0.404625 0.020075 0.462534 0.493615
267 -0.035208 0.019624 0.411600 0.020267 0.471829 0.480169
268 -0.008444 0.019957 0.422844 0.020572 0.490189 0.515641
269 -0.027382 0.020832 0.455329 0.021332 0.524849 0.503298
270 -0.048258 0.019117 0.422631 0.020512 0.484414 0.519026
271 -0.017062 0.018846 0.445850 0.021119 0.517710 0.521649
272 -0.012923 0.020616 0.447889 0.021170 0.499034 0.493931
273 -0.046970 0.020173 0.456800 0.021332 0.514568 0.504500
274 -0.053693 0.021546 0.487980 0.022036 0.527920 0.489758
275 -0.065410 0.020880 0.485133 0.021939 0.530541 0.507369
276 -0.096216 0.021333 0.473499 0.021557 0.523583 0.516688
277 -0.073363 0.021981 0.490527 0.022037 0.535371 0.489381
278 -0.056282 0.019922 0.458471 0.021349 0.486753 0.502461
279 -0.051883 0.020486 0.470827 0.021647 0.520088 0.540935
280 -0.044959 0.021385 0.478219 0.021833 0.517203 0.501464
281 -0.050019 0.020749 0.445949 0.021069 0.483820 0.463888
282 -0.049885 0.021775 0.454452 0.021270 0.524224 0.530306
283 -0.048859 0.020670 0.468681 0.021605 0.526369 0.537736
284 -0.061571 0.018219 0.442919 0.020966 0.504395 0.503558
285 -0.055047 0.018657 0.436850 0.020839 0.479548 0.452567
286 -0.021841 0.020166 0.430169 0.020739 0.489169 0.530778
287 -0.011548 0.019121 0.422833 0.020570 0.486934 0.503800
288 0.027319 0.017347 0.395062 0.019867 0.471543 0.474097
289 -0.000521 0.017176 0.403755 0.020104 0.463853 0.498203
290 -0.029715 0.018417 0.395082 0.019864 0.476494 0.487680
291 -0.024501 0.017496 0.405599 0.020135 0.472369 0.512331
292 -0.005918 0.018357 0.431423 0.020780 0.491699 0.488490
293 0.007904 0.019308 0.462797 0.021522 0.507808 0.523461
294 -0.002162 0.022097 0.486933 0.022077 0.536215 0.501263
295 0.022581 0.020622 0.490270 0.022142 0.548711 0.514197
296 0.010046 0.020280 0.470947 0.021710 0.529597 0.513014
297 0.025085 0.020337 0.456561 0.021363 0.490405 0.513017
298 0.012724 0.020441 0.463920 0.021546 0.492673 0.467330
299 0.056882 0.021561 0.451717 0.021188 0.480938 0.504518
300 0.074973 0.021217 0.478171 0.021749 0.521454 0.525373
301 0.042160 0.021268 0.470959 0.021671 0.530112 0.538938
302 0.014645 0.022775 0.473936 0.021776 0.511391 0.483258
303 -0.001431 0.021456 0.464092 0.021554 0.505721 0.486291
304 -0.005806 0.018978 0.444110 0.021084 0.490633 0.504989
305 0.005975 0.019862 0.464292 0.021557 0.512612 0.510346
306 0.007023 0.020133 0.450739 0.021240 0.492715 0.506771
307 0.017338 0.019510 0.444765 0.021093 0.502017 0.510063
308 0.034299 0.019123 0.437395 0.020896 0.494436 0.512458
309 0.032633 0.019078 0.432161 0.020773 0.488280 0.492138
310 0.044550 0.019617 0.437053 0.020869 0.479293 0.501518
311 0.064229 0.020053 0.448451 0.021090 0.495793 0.486300
312 0.068741 0.019598 0.460107 0.021350 0.502440 0.458704
313 0.081678 0.020408 0.459843 0.021298 0.499882 0.535039
314 0.076338 0.021029 0.474071 0.021650 0.524818 0.527344
315 0.063995 0.021510 0.466952 0.021525 0.504765 0.473966
316 0.062510 0.020262 0.451473 0.021166 0.500413 0.494340
317 0.045705 0.018779 0.435070 0.020819 0.489888 0.461516
318 0.022712 0.021143 0.469493 0.021667 0.538448 0.539143
319 0.007590 0.018931 0.427968 0.020696 0.485879 0.460636
320 -0.019395 0.020194 0.444984 0.021096 0.505615 0.512433
321 0.000530 0.020476 0.442653 0.021050 0.510333 0.502418
322 -0.013494 0.019073 0.440099 0.020985 0.488415 0.508698
323 -0.041003 0.020284 0.449380 0.021169 0.497308 0.493149
324 -0.042195 0.019957 0.437905 0.020894 0.502022 0.498003
325 -0.038065 0.019675 0.429963 0.020711 0.485592 0.496028
326 -0.002885 0.019397 0.446677 0.021145 0.517042 0.539503
327 0.029233 0.019102 0.441089 0.020992 0.498639 0.488981
328 0.023641 0.019879 0.436554 0.020891 0.508259 0.529457
329 0.044054 0.021466 0.466633 0.021568 0.518326 0.491386
330 0.041773 0.019533 0.440583 0.020959 0.503889 0.502610
331 0.046259 0.019746 0.440402 0.020945 0.499782 0.484683
332 0.079194 0.020354 0.442483 0.020896 0.495035 0.505325
333 0.079793 0.019466 0.435735 0.020732 0.491736 0.538176
334 0.054913 0.020142 0.427950 0.020624 0.490378 0.517302
335 0.043361 0.019929 0.432105 0.020752 0.492706 0.518786
336 0.045503 0.019797 0.420416 0.020464 0.478040 0.490562
337 0.043639 0.021065 0.452954 0.021249 0.505700 0.513910
338 0.050550 0.020797 0.461464 0.021433 0.494678 0.475142
339 0.042307 0.021199 0.455454 0.021310 0.509822 0.523823
340 0.022973 0.021845 0.476548 0.021829 0.539316 0.548021
341 0.030003 0.021384 0.466997 0.021600 0.526908 0.540440
342 0.025130 0.020709 0.446243 0.021120 0.493143 0.473582
343 0.012663 0.018952 0.423198 0.020578 0.467018 0.480143
344 -0.000891 0.020462 0.434925 0.020865 0.492992 0.521570
345 -0.004117 0.019889 0.410292 0.020265 0.453259 0.486639
346 0.008247 0.020615 0.453657 0.021308 0.523047 0.558295
347 -0.008509 0.020695 0.449203 0.021203 0.501404 0.502279
348 -0.016934 0.021071 0.445661 0.021114 0.514857 0.521223
349 -0.012636 0.019795 0.418396 0.020461 0.478872 0.487133
350 -0.039701 0.018955 0.420723 0.020483 0.481028 0.486157
351 -0.036444 0.020547 0.446630 0.021113 0.524228 0.551985
352 -0.039802 0.019132 0.416838 0.020388 0.471911 0.461397
353 -0.004523 0.019604 0.403893 0.020107 0.465878 0.484853
354 -0.027905 0.019388 0.414653 0.020354 0.479192 0.513238
355 -0.020581 0.020242 0.437219 0.020910 0.503569 0.513630
356 -0.026393 0.020234 0.461958 0.021488 0.519299 0.509509
357 -0.042501 0.020637 0.454669 0.021291 0.517466 0.516799
358 -0.033633 0.020040 0.460378 0.021441 0.516790 0.490718
359 -0.009651 0.021137 0.458264 0.021416 0.525966 0.519151
360 -0.032449 0.020883 0.473606 0.021749 0.517402 0.505486
361 -0.044695 0.021385 0.478913 0.021849 0.498229 0.496745
362 -0.051802 0.021363 0.476351 0.021775 0.513835 0.475209
363 -0.051489 0.020713 0.477962 0.021813 0.514566 0.520655
364 -0.031960 0.020486 0.467806 0.021616 0.505657 0.504519
365 -0.042586 0.020438 0.475750 0.021781 0.505895 0.495815
366 -0.007463 0.021114 0.469438 0.021676 0.503006 0.461829
367 -0.041322 0.022971 0.474331 0.021751 0.505453 0.513244
368 -0.041322 0.022971 0.474331 0.021751 0.505453 0.541307
369 0.001163 0.021469 0.456147 0.021368 0.481695 0.480463
370 0.004589 0.022270 0.498940 0.022348 0.516082 0.496134
371 0.004518 0.023943 0.503210 0.022443 0.521398 0.507337
372 -0.004088 0.022573 0.497019 0.022305 0.510160 0.463934
373 -0.006522 0.023267 0.513277 0.022666 0.537467 0.521197
374 -0.007317 0.023474 0.527935 0.022987 0.550960 0.500597
375 -0.001924 0.023094 0.512684 0.022654 0.532779 0.486637
376 0.007648 0.022266 0.481756 0.021959 0.498628 0.472265
377 -0.018855 0.020576 0.455924 0.021355 0.489192 0.487413
378 -0.015819 0.021255 0.462066 0.021501 0.506067 0.520984
379 0.003708 0.022877 0.467028 0.021621 0.509408 0.495254
380 0.018910 0.020278 0.457900 0.021401 0.495703 0.484506
381 -0.005120 0.020928 0.453865 0.021314 0.517247 0.512383
382 -0.006559 0.019430 0.473428 0.021768 0.513094 0.497495
383 0.007663 0.021151 0.483214 0.021992 0.514129 0.484704
384 -0.000208 0.020204 0.478456 0.021885 0.523662 0.522315
385 0.013530 0.019876 0.458861 0.021427 0.495053 0.502620
386 -0.000435 0.019023 0.449984 0.021223 0.491931 0.489887
387 -0.005588 0.019323 0.438569 0.020952 0.494603 0.511955
388 -0.019318 0.020179 0.440226 0.020983 0.502392 0.510465
389 -0.031943 0.020236 0.442357 0.021019 0.502706 0.480499
390 -0.015078 0.019972 0.429180 0.020722 0.496563 0.469107
391 -0.053810 0.018684 0.416693 0.020352 0.486685 0.510583
392 -0.039911 0.017018 0.389565 0.019707 0.463011 0.475812
393 -0.002981 0.017599 0.390054 0.019759 0.467618 0.487841
394 -0.013327 0.016864 0.407405 0.020190 0.478728 0.482535
395 -0.011832 0.019133 0.438274 0.020942 0.499108 0.498964
396 -0.000982 0.020164 0.468633 0.021659 0.524577 0.542700
397 -0.013367 0.020082 0.465461 0.021581 0.521238 0.483756
398 -0.021123 0.022740 0.469641 0.021672 0.538722 0.528755
399 -0.009146 0.021262 0.469643 0.021680 0.536558 0.472762
400 0.000030 0.022867 0.464585 0.021565 0.517550 0.508970
401 -0.022357 0.019333 0.436857 0.020900 0.489961 0.433970
402 -0.024077 0.019675 0.449983 0.021210 0.497931 0.519683
403 0.002188 0.020321 0.446487 0.021141 0.487907 0.490991
404 -0.000109 0.020418 0.476888 0.021849 0.528967 0.505893
405 0.015235 0.021465 0.486510 0.022063 0.533109 0.504532
406 -0.008225 0.022445 0.489627 0.022137 0.539547 0.512671
407 0.005088 0.022713 0.529032 0.023012 0.579285 0.554222
408 -0.008950 0.021835 0.511558 0.022627 0.585121 0.501315
409 0.002368 0.020538 0.485378 0.022042 0.547960 0.505265
410 0.037161 0.020422 0.465289 0.021549 0.526480 0.478113
411 0.050691 0.020868 0.471028 0.021655 0.557433 0.573561
412 0.050875 0.019035 0.450035 0.021164 0.508453 0.498894
413 0.064521 0.019304 0.445968 0.021030 0.495194 0.500340
414 0.050500 0.019701 0.428653 0.020653 0.485919 0.488731
415 0.051730 0.020381 0.460750 0.021413 0.528274 0.551384
416 0.046454 0.022546 0.485333 0.021992 0.537021 0.522508
417 0.043172 0.019815 0.453335 0.021258 0.523532 0.506982
418 0.029343 0.018966 0.429115 0.020705 0.479315 0.497497
419 0.015725 0.017510 0.411411 0.020287 0.457451 0.482276
420 -0.010559 0.018121 0.423144 0.020578 0.474742 0.492564
421 -0.008491 0.017241 0.389164 0.019735 0.446661 0.461556
422 -0.020025 0.018865 0.448821 0.021187 0.500413 0.529445
423 -0.010376 0.021061 0.475021 0.021803 0.534288 0.513914
424 -0.016200 0.018374 0.434093 0.020839 0.489053 0.501095
425 -0.019323 0.019404 0.429289 0.020721 0.472252 0.544638
426 -0.018510 0.020398 0.447545 0.021158 0.490006 0.528933
427 -0.001425 0.019250 0.438860 0.020959 0.474898 0.490472
428 0.010134 0.021107 0.485543 0.022044 0.519173 0.508586
429 -0.010221 0.023179 0.502294 0.022421 0.550631 0.509024
430 0.003060 0.020913 0.478013 0.021874 0.530244 0.493006
431 0.007146 0.020883 0.473788 0.021776 0.505748 0.489834
432 0.009917 0.020380 0.453857 0.021312 0.493136 0.504903
433 0.050887 0.020724 0.450832 0.021182 0.508390 0.530428
434 0.075288 0.018980 0.435051 0.020732 0.493311 0.517772
435 0.053047 0.018490 0.443825 0.021011 0.496392 0.528963
436 0.070596 0.019864 0.453926 0.021199 0.517338 0.505208
437 0.080581 0.018329 0.436310 0.020742 0.496032 0.486704
438 0.069215 0.019401 0.453978 0.021205 0.501388 0.496890
439 0.072823 0.020443 0.466169 0.021479 0.507050 0.508015
440 0.057020 0.018119 0.431879 0.020714 0.488201 0.485054
441 0.056380 0.017132 0.401357 0.019964 0.463099 0.488224
442 0.066950 0.019322 0.446710 0.021040 0.507512 0.527190
443 0.061541 0.018988 0.446168 0.021043 0.491404 0.491569
444 0.055756 0.019544 0.445010 0.021032 0.509471 0.498344
445 0.026635 0.017507 0.398139 0.019946 0.439228 0.485814
446 0.030707 0.020245 0.442659 0.021028 0.509521 0.505541
447 0.020549 0.020386 0.444682 0.021088 0.527474 0.555958
448 -0.012479 0.021235 0.457435 0.021395 0.514431 0.501645
449 -0.018681 0.019906 0.450265 0.021222 0.511363 0.472649
450 -0.020101 0.020050 0.434810 0.020853 0.470372 0.477725
451 -0.017109 0.018218 0.407180 0.020182 0.451110 0.481567
452 -0.047760 0.018578 0.404128 0.020056 0.477921 0.505586
453 -0.044159 0.018696 0.437478 0.020880 0.513533 0.513480
454 -0.027435 0.019944 0.446185 0.021116 0.512213 0.494236
455 -0.010064 0.019841 0.459315 0.021440 0.533461 0.533430
456 0.019445 0.021250 0.466632 0.021604 0.517874 0.505884
457 0.012942 0.020635 0.457995 0.021408 0.514105 0.477800
458 -0.007382 0.021265 0.471806 0.021731 0.533550 0.504883
459 0.026530 0.021682 0.486685 0.022056 0.522402 0.525423
460 0.030179 0.020369 0.454667 0.021312 0.490552 0.460891
461 0.011555 0.020597 0.459063 0.021433 0.504005 0.536249
462 -0.010187 0.019764 0.450580 0.021235 0.500740 0.480781
463 0.012459 0.021434 0.478928 0.021892 0.537019 0.523530
464 0.017424 0.018635 0.436622 0.020899 0.471912 0.445905
465 0.026203 0.018247 0.433596 0.020817 0.472752 0.492357
466 0.037839 0.018426 0.434546 0.020822 0.486640 0.493018
467 0.046703 0.017849 0.435456 0.020826 0.488092 0.480168
468 0.044491 0.020381 0.433825 0.020791 0.480667 0.459486
469 0.032013 0.020414 0.442179 0.021014 0.481521 0.463921
470 0.013694 0.019782 0.436356 0.020895 0.481972 0.502393
471 0.012818 0.020001 0.454341 0.021322 0.495682 0.516121
472 0.012460 0.021874 0.505707 0.022496 0.545631 0.523470
473 0.016674 0.020518 0.486227 0.022055 0.542271 0.514292
474 0.030930 0.019747 0.453831 0.021291 0.504578 0.489993
475 0.015143 0.018548 0.438093 0.020936 0.504724 0.527512
476 0.019886 0.018908 0.441570 0.021015 0.513096 0.514737
477 -0.001185 0.020120 0.443822 0.021078 0.494127 0.501987
478 -0.003071 0.019947 0.449277 0.021207 0.500844 0.497788
479 0.009982 0.020986 0.444564 0.021093 0.496086 0.521785
480 0.032725 0.021066 0.465889 0.021570 0.521092 0.494013
481 0.022262 0.018702 0.437694 0.020920 0.493284 0.482775
482 0.038807 0.020654 0.461369 0.021455 0.510394 0.499144
483 0.031491 0.023220 0.489512 0.022114 0.526217 0.495628
484 0.039758 0.024345 0.481674 0.021922 0.520693 0.502330
485 0.055896 0.021701 0.474606 0.021724 0.519552 0.509055
486 0.073755 0.019729 0.453779 0.021185 0.514126 0.504404
487 0.061099 0.018467 0.429402 0.020642 0.481943 0.480440
488 0.047812 0.018700 0.419476 0.020435 0.485184 0.513785
489 0.021753 0.020991 0.439214 0.020957 0.521667 0.526945
490 0.053960 0.021010 0.431062 0.020702 0.503904 0.482856
491 0.052508 0.018945 0.432888 0.020750 0.499739 0.464564
492 0.049108 0.019441 0.438290 0.020888 0.491357 0.534717
493 0.037258 0.020549 0.449389 0.021177 0.502315 0.544722
494 0.016738 0.019559 0.445336 0.021107 0.485750 0.502425
495 0.010519 0.021029 0.467234 0.021624 0.519630 0.506104
496 0.020802 0.020419 0.457705 0.021395 0.499204 0.487855
497 0.019457 0.021627 0.487358 0.022079 0.545328 0.553737
498 0.002745 0.019521 0.468416 0.021654 0.532329 0.506174
499 -0.000958 0.021010 0.458055 0.021413 0.507612 0.520136
500 0.010872 0.020403 0.444448 0.021090 0.506609 0.489336
501 0.025801 0.021150 0.458650 0.021411 0.517880 0.506918
502 0.026376 0.021427 0.453346 0.021286 0.527280 0.520297
503 0.029267 0.018552 0.425383 0.020614 0.483643 0.489797
504 0.008769 0.019321 0.434062 0.020843 0.487316 0.493352
505 -0.010286 0.019950 0.455365 0.021347 0.486964 0.510787
506 0.006138 0.018775 0.446077 0.021130 0.500108 0.493639
507 -0.015936 0.021945 0.487897 0.022094 0.533967 0.502340
508 -0.021886 0.019564 0.452976 0.021283 0.508764 0.506153
509 -0.009778 0.018860 0.433952 0.020840 0.502888 0.507734
510 -0.011834 0.020592 0.440612 0.020998 0.505102 0.496002
511 -0.030109 0.019892 0.423837 0.020576 0.472919 0.498163
512 -0.022931 0.020410 0.442312 0.021029 0.498823 0.511188
513 -0.010427 0.020379 0.466704 0.021612 0.519423 0.526741
514 0.008517 0.021239 0.459138 0.021437 0.509646 0.486926
515 -0.011874 0.021662 0.469230 0.021669 0.532530 0.527640
516 -0.019672 0.021278 0.450455 0.021225 0.508895 0.476989
517 -0.035727 0.022084 0.463528 0.021511 0.534699 0.536857
518 -0.036039 0.021115 0.467544 0.021604 0.524198 0.495944
519 -0.025666 0.021921 0.477915 0.021857 0.534526 0.479703
520 -0.014924 0.022298 0.479678 0.021907 0.511826 0.519871
521 -0.014924 0.022298 0.479678 0.021907 0.511826 0.537093
522 -0.014924 0.022298 0.479678 0.021907 0.511826 0.469932
523 -0.041062 0.023499 0.514706 0.022661 0.535057 0.474873
524 -0.006798 0.021869 0.488222 0.022106 0.513170 0.490901
525 0.003912 0.019831 0.452362 0.021279 0.500747 0.511970
526 0.013905 0.019252 0.455155 0.021340 0.502448 0.480355
527 0.021440 0.021281 0.495847 0.022268 0.552957 0.521538
528 -0.001350 0.020828 0.474706 0.021799 0.511352 0.487227
529 0.002998 0.018834 0.451281 0.021254 0.498586 0.480141
530 0.005475 0.020754 0.465919 0.021595 0.515274 0.499835
531 0.028298 0.021089 0.499354 0.022339 0.547070 0.499748
532 0.030524 0.020162 0.468662 0.021638 0.505021 0.514210
533 0.016366 0.020552 0.463112 0.021525 0.503189 0.503900
534 0.005039 0.019119 0.460603 0.021472 0.509071 0.499282
535 0.013994 0.019210 0.462690 0.021516 0.500263 0.484324
536 0.002633 0.020741 0.485423 0.022043 0.522201 0.484044
537 0.010830 0.021312 0.470907 0.021709 0.513564 0.483544
538 0.009675 0.021187 0.489786 0.022140 0.536736 0.534808
539 0.019905 0.020246 0.476122 0.021822 0.510712 0.483550
540 0.018680 0.020477 0.452846 0.021283 0.488053 0.465419
541 -0.001696 0.020710 0.466044 0.021599 0.520476 0.496888
542 0.006931 0.020214 0.449216 0.021204 0.499321 0.465387
543 0.020649 0.020330 0.461722 0.021489 0.500814 0.486895
544 0.006977 0.019628 0.468887 0.021664 0.507919 0.495219
545 0.001837 0.019675 0.467300 0.021628 0.501584 0.492892
546 0.022233 0.022201 0.478444 0.021873 0.523683 0.504961
547 0.015018 0.018505 0.440105 0.020984 0.487946 0.474609
548 0.011503 0.019578 0.446007 0.021126 0.481917 0.468711
549 0.027922 0.018997 0.433149 0.020804 0.494220 0.511224
550 0.015213 0.017845 0.415680 0.020393 0.465502 0.477275
551 0.008749 0.018151 0.407449 0.020194 0.463159 0.494187
552 -0.017413 0.019035 0.435359 0.020868 0.491695 0.490525
553 -0.010629 0.019976 0.441599 0.021022 0.496153 0.493603
554 0.016278 0.020714 0.440101 0.020983 0.512073 0.509115
555 -0.019603 0.019151 0.427348 0.020673 0.504659 0.503787
556 -0.067430 0.019472 0.422197 0.020447 0.477190 0.474946
557 -0.060633 0.017779 0.403893 0.020015 0.458316 0.473751
558 -0.072530 0.017795 0.403364 0.019963 0.448697 0.460676
559 -0.063549 0.019352 0.424409 0.020513 0.476695 0.496619
560 -0.069444 0.019191 0.440305 0.020879 0.509448 0.519828
561 -0.066282 0.020970 0.451158 0.021147 0.519523 0.508258
562 -0.062964 0.018451 0.407900 0.020108 0.470604 0.476673
563 -0.069759 0.018428 0.419779 0.020380 0.480369 0.519295
564 -0.064195 0.020078 0.439677 0.020880 0.505202 0.519080
565 -0.049556 0.019674 0.443330 0.021008 0.499148 0.519347
566 -0.059066 0.018751 0.419142 0.020398 0.464185 0.488181
567 -0.024417 0.016706 0.395100 0.019872 0.440908 0.459848
568 -0.033137 0.019037 0.418539 0.020442 0.468601 0.516016
569 -0.033137 0.019037 0.418539 0.020442 0.468601 0.484457
570 -0.042929 0.018877 0.426329 0.020613 0.474103 0.496886
571 -0.060657 0.018306 0.441932 0.020945 0.488787 0.513288
572 -0.058864 0.019662 0.434128 0.020763 0.477601 0.486474
573 -0.083500 0.019434 0.426169 0.020485 0.492674 0.496244
574 -0.045693 0.020288 0.434396 0.020802 0.490581 0.496746
575 -0.032724 0.019429 0.445291 0.021087 0.493921 0.512704
576 -0.009419 0.020599 0.471372 0.021720 0.529809 0.533984
577 0.029400 0.021019 0.449185 0.021184 0.508652 0.490059
578 0.031194 0.019693 0.431487 0.020759 0.486107 0.482940
579 0.008270 0.019700 0.438621 0.020952 0.480508 0.484242
580 0.008570 0.020855 0.451738 0.021263 0.522189 0.532526
581 -0.002653 0.020528 0.449986 0.021223 0.507068 0.512595
582 0.006819 0.020930 0.472572 0.021749 0.522728 0.505736
583 0.034563 0.018654 0.460270 0.021437 0.505231 0.472835
584 0.040752 0.019598 0.451816 0.021227 0.519783 0.506529
585 0.047806 0.021414 0.470017 0.021638 0.517657 0.535096
586 0.036032 0.021116 0.459690 0.021421 0.502913 0.497312
587 0.022759 0.019298 0.446414 0.021127 0.500695 0.503320
588 0.023809 0.020596 0.462170 0.021496 0.516550 0.515748
589 0.023405 0.019643 0.437840 0.020922 0.500125 0.494987
590 0.023405 0.019643 0.437840 0.020922 0.500125 0.556296
591 0.029633 0.017903 0.413756 0.020330 0.450969 0.443891
592 0.029633 0.017903 0.413756 0.020330 0.450969 0.464480
593 0.033976 0.019191 0.425645 0.020613 0.487350 0.491583
594 0.032643 0.018358 0.395032 0.019859 0.461397 0.476686
595 0.011530 0.017800 0.390462 0.019767 0.435367 0.442017
596 -0.000418 0.019327 0.410477 0.020270 0.467401 0.502365
597 0.015636 0.019442 0.414202 0.020356 0.462237 0.461603
598 0.008514 0.018795 0.423815 0.020595 0.477771 0.557655
599 -0.034972 0.018417 0.429785 0.020712 0.483949 0.526122
600 -0.052041 0.019831 0.471732 0.021668 0.523980 0.541940
601 -0.049671 0.020459 0.470769 0.021651 0.531144 0.507734
602 -0.036390 0.018058 0.427078 0.020644 0.485881 0.510164
603 -0.008346 0.017636 0.415095 0.020382 0.473898 0.516185
604 -0.031371 0.018699 0.411942 0.020282 0.462311 0.506482
605 -0.029861 0.017848 0.400196 0.019993 0.460464 0.505846
606 -0.025228 0.020490 0.421295 0.020520 0.494329 0.532913
607 -0.036178 0.021413 0.442250 0.021009 0.508746 0.525929
608 -0.021827 0.021723 0.469408 0.021666 0.540530 0.529463
609 -0.012479 0.021529 0.461951 0.021500 0.525780 0.503670
610 -0.020932 0.018184 0.433330 0.020816 0.478713 0.446028
611 -0.031437 0.018779 0.431114 0.020750 0.480233 0.492074
612 -0.037026 0.018868 0.444946 0.021072 0.485564 0.518246
613 -0.067273 0.017568 0.422989 0.020467 0.480766 0.491304
614 -0.061669 0.018938 0.439030 0.020873 0.497274 0.514720
615 -0.052051 0.018814 0.441728 0.020963 0.486193 0.494408
616 -0.066893 0.020453 0.447743 0.021064 0.520856 0.518153
617 -0.046915 0.021640 0.459466 0.021394 0.516248 0.508712
618 -0.057022 0.019594 0.445010 0.021029 0.489008 0.507501
619 -0.042463 0.018629 0.427792 0.020650 0.481814 0.471297
620 -0.026196 0.019094 0.410750 0.020260 0.480462 0.478290
621 -0.041776 0.016698 0.386278 0.019619 0.457119 0.509057
622 -0.042772 0.017653 0.408421 0.020174 0.473117 0.497985
623 -0.042324 0.017800 0.433802 0.020795 0.490421 0.510084
624 -0.049653 0.019623 0.429350 0.020672 0.472260 0.487220
625 -0.050192 0.019959 0.457233 0.021335 0.510005 0.528187
626 -0.056822 0.019111 0.429028 0.020645 0.475191 0.472091
627 -0.063135 0.020286 0.450404 0.021139 0.507591 0.492933
628 -0.045470 0.019851 0.444982 0.021056 0.519349 0.488831
629 -0.036098 0.017421 0.402795 0.020047 0.464283 0.492608
630 -0.047894 0.018625 0.414945 0.020324 0.472802 0.470561
631 -0.048941 0.018201 0.444704 0.021042 0.499215 0.509559
632 -0.043761 0.018157 0.437491 0.020881 0.497026 0.503540
633 -0.059396 0.018713 0.423882 0.020513 0.479991 0.458054
634 -0.081341 0.020126 0.442797 0.020895 0.504002 0.530945
635 -0.058766 0.020286 0.452160 0.021193 0.512969 0.488969
636 -0.037125 0.019633 0.435409 0.020844 0.500791 0.476157
637 -0.032535 0.019901 0.425716 0.020618 0.479250 0.488618
638 -0.020771 0.017578 0.382389 0.019554 0.439688 0.467941
639 -0.020771 0.017578 0.382389 0.019554 0.439688 0.520498
640 -0.018855 0.017912 0.402716 0.020069 0.465868 0.485495
641 -0.030030 0.018115 0.398863 0.019959 0.471330 0.487026
642 -0.021072 0.018326 0.412367 0.020306 0.487753 0.513477
643 -0.008409 0.018229 0.413643 0.020347 0.484802 0.507333
644 0.012221 0.017316 0.403098 0.020084 0.466052 0.475910
645 0.012732 0.016909 0.392227 0.019811 0.451854 0.485580
646 0.034060 0.018967 0.437475 0.020899 0.518655 0.535491
647 0.030255 0.019077 0.431989 0.020773 0.501233 0.533993
648 -0.003456 0.020657 0.455486 0.021353 0.507371 0.566156
649 0.007378 0.019824 0.427573 0.020687 0.469246 0.464362
650 -0.001069 0.018613 0.413176 0.020337 0.465680 0.497660
651 -0.011628 0.019614 0.421858 0.020546 0.483376 0.527997
652 -0.001950 0.020366 0.446107 0.021132 0.499787 0.504655
653 -0.023973 0.019910 0.441065 0.020998 0.495062 0.496112
654 -0.025867 0.019963 0.432761 0.020797 0.490957 0.482003
655 -0.021410 0.021053 0.467044 0.021611 0.529443 0.530984
656 -0.012547 0.020117 0.455731 0.021355 0.506572 0.508055
657 -0.016612 0.019531 0.464023 0.021546 0.500509 0.511304
658 -0.018973 0.021402 0.474432 0.021784 0.518440 0.503507
659 0.012542 0.022064 0.484210 0.022012 0.538214 0.504442
660 0.018751 0.020489 0.463459 0.021531 0.513776 0.502757
661 0.007100 0.020422 0.462200 0.021508 0.516173 0.510325
662 0.019162 0.019887 0.447878 0.021165 0.472145 0.460859
663 0.021298 0.020741 0.471349 0.021711 0.497463 0.475990
664 0.020329 0.021378 0.481739 0.021950 0.508478 0.524573
665 0.015488 0.021030 0.471200 0.021712 0.522594 0.541284
666 0.007232 0.022478 0.494473 0.022247 0.530899 0.510500
667 -0.007340 0.022765 0.508440 0.022559 0.539587 0.501778
668 -0.017596 0.020543 0.467243 0.021619 0.510951 0.514787
669 -0.013346 0.021260 0.470462 0.021697 0.524526 0.498291
670 -0.026461 0.021195 0.466003 0.021582 0.505893 0.506606
671 -0.029549 0.020188 0.446257 0.021115 0.484687 0.485099
672 -0.018029 0.020866 0.431761 0.020781 0.484440 0.515705
673 -0.017216 0.018983 0.433071 0.020814 0.492816 0.494636
674 -0.015790 0.019127 0.421180 0.020527 0.474130 0.488647
675 -0.007736 0.017877 0.419496 0.020490 0.483912 0.520326
676 -0.005238 0.019189 0.445799 0.021124 0.488768 0.489823
677 -0.026662 0.019412 0.441443 0.021004 0.481140 0.503714
678 -0.053405 0.017762 0.409362 0.020172 0.451334 0.495981
679 -0.038901 0.017443 0.400964 0.019996 0.451416 0.463887
680 -0.044196 0.018510 0.415513 0.020346 0.488077 0.502899
681 -0.019486 0.019228 0.431258 0.020768 0.501662 0.535725
682 -0.032623 0.018105 0.427086 0.020651 0.484164 0.483337
683 -0.035578 0.021070 0.467050 0.021593 0.514762 0.504132
684 -0.051771 0.019234 0.436182 0.020831 0.496707 0.498084
685 -0.051771 0.019234 0.436182 0.020831 0.496707 0.521309
686 -0.039793 0.021480 0.475843 0.021788 0.528022 0.507392
687 -0.031139 0.019402 0.428109 0.020678 0.476351 0.451506
688 -0.028623 0.019690 0.435103 0.020850 0.484601 0.490148
689 -0.040254 0.019696 0.445556 0.021080 0.493186 0.516767
690 -0.007779 0.019829 0.454905 0.021338 0.524346 0.510501
691 -0.004453 0.019487 0.441983 0.021033 0.503523 0.495314
692 -0.006799 0.018806 0.434489 0.020854 0.501350 0.469949
693 -0.005837 0.018300 0.435912 0.020888 0.481912 0.499325
694 0.004784 0.019354 0.424410 0.020611 0.485998 0.476107
695 0.004808 0.017477 0.404395 0.020119 0.475912 0.461804
696 0.008759 0.021004 0.432839 0.020813 0.526249 0.538983
697 0.028070 0.021519 0.459401 0.021426 0.522954 0.501393
698 0.018279 0.020055 0.427077 0.020668 0.480614 0.489563
699 -0.020407 0.018758 0.424797 0.020611 0.503781 0.493402
700 -0.001906 0.020829 0.440880 0.021008 0.512785 0.529336
701 -0.010241 0.019844 0.441202 0.021013 0.504992 0.502948
702 -0.005986 0.020389 0.438372 0.020947 0.496500 0.505788
703 0.011175 0.019802 0.448497 0.021185 0.511818 0.479242
704 -0.000874 0.020700 0.468644 0.021659 0.539096 0.533827
705 0.002500 0.019757 0.443610 0.021072 0.497094 0.468557
706 -0.017047 0.020268 0.465825 0.021587 0.513050 0.469842
707 -0.013350 0.020522 0.446091 0.021127 0.496384 0.498084
708 -0.001424 0.019145 0.422140 0.020556 0.473686 0.463341
709 -0.005469 0.018464 0.414752 0.020375 0.477753 0.510273
710 0.003714 0.017503 0.429025 0.020723 0.487738 0.521878
711 -0.018766 0.018749 0.422410 0.020554 0.492817 0.501233
712 -0.029833 0.018499 0.422237 0.020537 0.481285 0.510756
713 -0.024069 0.021172 0.464128 0.021541 0.523425 0.538321
714 -0.025799 0.020121 0.469345 0.021660 0.518455 0.535728
715 -0.028881 0.022358 0.475990 0.021809 0.523498 0.510799
716 -0.037151 0.020734 0.463304 0.021503 0.525389 0.497214
717 -0.030063 0.021465 0.458520 0.021403 0.520239 0.500702
718 -0.032911 0.019686 0.444936 0.021078 0.522650 0.489775
719 -0.032855 0.018531 0.405245 0.020114 0.463039 0.453895
720 -0.054511 0.019974 0.424610 0.020544 0.490506 0.509763
721 -0.048017 0.020586 0.437785 0.020879 0.495021 0.489582
722 -0.053414 0.019859 0.436466 0.020834 0.508577 0.538951
723 -0.047995 0.019587 0.426777 0.020613 0.495201 0.483654
724 -0.041843 0.020456 0.442427 0.021003 0.510840 0.505808
725 -0.051006 0.018549 0.436330 0.020837 0.499433 0.502579
726 -0.048288 0.017028 0.391538 0.019738 0.450959 0.470641
727 -0.041019 0.020031 0.428802 0.020677 0.506919 0.514715
728 -0.056312 0.018917 0.425708 0.020566 0.493371 0.489625
729 -0.005222 0.020630 0.461419 0.021491 0.541417 0.526521
730 -0.012827 0.020757 0.456830 0.021380 0.516138 0.503199
731 0.000150 0.019887 0.442685 0.021051 0.502283 0.496712
732 0.017312 0.018750 0.411991 0.020300 0.475611 0.498866
733 0.022791 0.020033 0.426423 0.020648 0.484606 0.497267
734 0.002889 0.020230 0.452457 0.021281 0.487264 0.500845
735 0.017938 0.022597 0.460818 0.021470 0.484615 0.492683
736 0.024841 0.022756 0.496421 0.022278 0.539208 0.503273
737 0.025079 0.022152 0.466877 0.021604 0.500164 0.473226
738 0.007480 0.020556 0.483805 0.022005 0.508660 0.494477
739 0.007637 0.019837 0.463945 0.021549 0.496153 0.461498
740 -0.007863 0.020305 0.460450 0.021467 0.492111 0.486869
741 -0.021679 0.022597 0.510574 0.022597 0.530675 0.502218
742 -0.028214 0.021986 0.501917 0.022397 0.548091 0.505933
743 -0.006194 0.022018 0.490638 0.022161 0.520714 0.517603
744 -0.009066 0.021070 0.483772 0.022004 0.535787 0.526260
745 0.005335 0.022586 0.470703 0.021706 0.516779 0.525770
746 0.004465 0.021908 0.469497 0.021678 0.517408 0.501640
747 0.004983 0.021673 0.444089 0.021083 0.488173 0.444081
748 -0.015824 0.021361 0.458523 0.021418 0.499429 0.500407
749 -0.007050 0.020564 0.475415 0.021814 0.508194 0.509261
750 -0.007213 0.021388 0.481198 0.021946 0.528078 0.543806
751 -0.015865 0.020457 0.471252 0.021713 0.513963 0.498632
752 0.000521 0.022386 0.477332 0.021859 0.532037 0.548026
753 0.015627 0.020509 0.455052 0.021337 0.513229 0.506736
754 0.037473 0.019645 0.441346 0.020985 0.496650 0.507713
755 0.049254 0.019824 0.445677 0.021064 0.496314 0.494327
756 0.041954 0.020097 0.447737 0.021129 0.493920 0.504646
757 0.055322 0.018771 0.450526 0.021164 0.500908 0.530578
758 0.033294 0.020480 0.442504 0.021020 0.477789 0.521887
759 0.030996 0.021172 0.459386 0.021422 0.517135 0.507284
760 0.009988 0.020395 0.445391 0.021112 0.506743 0.512155
761 0.011693 0.018115 0.413388 0.020339 0.462365 0.473561
762 0.014610 0.019592 0.438877 0.020955 0.491207 0.467410
763 0.010879 0.019337 0.443361 0.021064 0.505333 0.508368
764 -0.013882 0.020289 0.456742 0.021378 0.539427 0.529583
765 -0.025198 0.019466 0.437713 0.020917 0.500718 0.480767
766 -0.048685 0.019013 0.438976 0.020906 0.492837 0.491290
767 -0.031084 0.019901 0.437886 0.020913 0.513481 0.520988
768 -0.048241 0.018981 0.418260 0.020405 0.476950 0.480304
769 -0.018570 0.019194 0.410245 0.020256 0.480387 0.512218
770 -0.023081 0.019686 0.418785 0.020461 0.476503 0.500930
771 -0.017830 0.018445 0.418484 0.020459 0.470561 0.478170
772 -0.023688 0.018205 0.419544 0.020479 0.471050 0.509067
773 -0.041835 0.019328 0.429297 0.020688 0.466666 0.505952
774 -0.050768 0.018668 0.439005 0.020901 0.496215 0.485375
775 -0.055781 0.021178 0.437269 0.020847 0.496596 0.531802
776 -0.057856 0.018573 0.395349 0.019809 0.464577 0.508465
777 -0.064235 0.019697 0.444812 0.021003 0.517014 0.524727
778 -0.060669 0.020054 0.436568 0.020816 0.504136 0.493598
779 -0.048098 0.020997 0.456162 0.021314 0.525411 0.513280
780 -0.008282 0.019395 0.431788 0.020788 0.484168 0.470251
781 -0.026945 0.021102 0.443648 0.021056 0.500504 0.495205
782 -0.015569 0.020900 0.454584 0.021326 0.503849 0.524069
783 0.005532 0.019863 0.433140 0.020822 0.479306 0.485361
784 -0.017056 0.021823 0.449900 0.021215 0.501888 0.485124
785 0.003924 0.023232 0.481599 0.021956 0.538176 0.546568
786 -0.005263 0.021668 0.463105 0.021530 0.528193 0.516617
787 0.001149 0.021001 0.443117 0.021061 0.491233 0.475830
788 0.005279 0.019955 0.457937 0.021410 0.516478 0.520384
789 -0.012081 0.020898 0.455593 0.021352 0.503091 0.501199
790 0.006018 0.019860 0.442164 0.021037 0.488370 0.482771
791 0.008951 0.019821 0.453415 0.021302 0.520226 0.522408
792 0.025618 0.019345 0.448978 0.021184 0.507027 0.525676
793 0.025816 0.020828 0.440949 0.020993 0.487572 0.449579
794 -0.013460 0.020641 0.462685 0.021517 0.507614 0.526222
795 -0.001731 0.020036 0.463416 0.021538 0.519430 0.512970
796 0.016501 0.020328 0.491370 0.022172 0.544995 0.531352
797 -0.008057 0.019408 0.465236 0.021579 0.526939 0.521754
798 -0.011310 0.019914 0.441319 0.021015 0.500614 0.499795
799 -0.010760 0.020575 0.440972 0.021007 0.508279 0.504008
800 -0.027476 0.017836 0.418703 0.020454 0.480284 0.506029
801 -0.011908 0.018453 0.428013 0.020695 0.475707 0.496167
802 -0.011292 0.017582 0.421663 0.020542 0.467586 0.491579
803 -0.028479 0.018936 0.415305 0.020369 0.464408 0.458780
804 -0.022948 0.018481 0.429616 0.020725 0.474775 0.456119
805 -0.027737 0.020576 0.454402 0.021309 0.511623 0.503373
806 -0.009954 0.019723 0.435363 0.020873 0.505085 0.490896
807 0.002358 0.019071 0.429705 0.020740 0.496253 0.479247
808 -0.020866 0.019268 0.425090 0.020617 0.473300 0.486856
809 -0.035436 0.019335 0.428928 0.020691 0.478607 0.491544
810 -0.029707 0.019376 0.456738 0.021361 0.498768 0.494996
811 -0.055686 0.020242 0.430778 0.020691 0.491729 0.495367
812 -0.056783 0.019350 0.437204 0.020843 0.498625 0.517304
813 -0.033939 0.020234 0.450108 0.021199 0.492102 0.478327
814 -0.041405 0.020781 0.453779 0.021272 0.492540 0.507791
815 -0.035283 0.020430 0.446195 0.021104 0.496645 0.479379
816 -0.023585 0.020504 0.439416 0.020959 0.492661 0.510886
817 0.009756 0.020540 0.466425 0.021605 0.522921 0.523673
818 -0.008904 0.018631 0.443587 0.021070 0.484832 0.477185
819 -0.015096 0.017430 0.417162 0.020429 0.455718 0.448895
820 -0.004757 0.019599 0.431375 0.020779 0.488168 0.473116
821 -0.020641 0.019909 0.441254 0.021006 0.507255 0.493750
822 -0.038594 0.019435 0.446811 0.021113 0.503858 0.495479
823 -0.033049 0.021173 0.455534 0.021328 0.517989 0.520143
824 -0.032255 0.019872 0.418608 0.020445 0.476731 0.463342
825 -0.035670 0.019349 0.425788 0.020614 0.483370 0.476468
826 -0.048293 0.018511 0.419815 0.020443 0.470224 0.491822
827 -0.060263 0.019925 0.429845 0.020655 0.473495 0.483005
828 -0.026125 0.018387 0.435053 0.020852 0.475322 0.518320
829 -0.029455 0.018308 0.441407 0.021000 0.487121 0.504122
830 -0.024516 0.019195 0.443162 0.021048 0.495891 0.496917
831 -0.005693 0.018353 0.404771 0.020128 0.454874 0.485883
832 -0.000132 0.018827 0.406649 0.020176 0.456620 0.491084
833 -0.004207 0.018693 0.414335 0.020365 0.461969 0.519200
834 0.008087 0.020249 0.424919 0.020622 0.479747 0.494771
835 0.005894 0.019501 0.431637 0.020785 0.477591 0.459611
836 0.001594 0.019236 0.436838 0.020911 0.492209 0.520939
837 0.015263 0.018705 0.409769 0.020247 0.460744 0.501792
838 0.041227 0.017925 0.439734 0.020940 0.500383 0.511561
839 0.028410 0.017161 0.413672 0.020329 0.482181 0.486930
840 0.027838 0.018064 0.414950 0.020361 0.462698 0.487379
841 0.040002 0.020061 0.452389 0.021242 0.505101 0.518318
842 0.038841 0.020217 0.450142 0.021192 0.513588 0.535953
843 0.043602 0.020514 0.457612 0.021358 0.532455 0.527157
844 0.025259 0.019298 0.464146 0.021540 0.537118 0.510166
845 0.013094 0.021482 0.469906 0.021684 0.514223 0.489174
846 -0.014016 0.021591 0.472010 0.021732 0.508178 0.501524
847 -0.025545 0.021146 0.453409 0.021289 0.501000 0.483191
848 -0.033517 0.019650 0.451942 0.021243 0.499838 0.526094
849 -0.046537 0.020033 0.470081 0.021642 0.522365 0.511988
850 -0.063561 0.020364 0.456221 0.021275 0.493890 0.478843
851 -0.068817 0.019785 0.446922 0.021039 0.494793 0.486546
852 -0.074891 0.019869 0.450201 0.021096 0.503829 0.499525
853 -0.078976 0.020601 0.458889 0.021286 0.498599 0.531074
854 -0.100254 0.021625 0.475915 0.021595 0.517647 0.534395
855 -0.099540 0.022097 0.450862 0.021009 0.492706 0.491574
856 -0.081409 0.021914 0.479035 0.021746 0.536513 0.552147
857 -0.086838 0.019509 0.445202 0.020931 0.499375 0.505915
858 -0.046620 0.018284 0.432170 0.020747 0.485539 0.478230
859 -0.037154 0.021514 0.463270 0.021502 0.523925 0.512297
860 -0.018275 0.020750 0.451717 0.021256 0.496885 0.489663
861 -0.019375 0.021838 0.458848 0.021423 0.513313 0.537660
862 -0.049514 0.021370 0.453686 0.021253 0.526341 0.540630
863 -0.042617 0.018907 0.437858 0.020892 0.498352 0.510904
864 -0.050785 0.018810 0.438155 0.020881 0.500465 0.542766
865 -0.044682 0.018344 0.418660 0.020423 0.492894 0.465783
866 -0.015693 0.019520 0.433155 0.020817 0.488790 0.480830
867 -0.015393 0.019998 0.421295 0.020530 0.488893 0.493051
868 -0.029552 0.020069 0.409421 0.020223 0.470174 0.491587
869 -0.018726 0.018787 0.407188 0.020180 0.467479 0.480689
870 -0.028973 0.020156 0.429139 0.020706 0.493906 0.493309
871 -0.040414 0.019373 0.422353 0.020522 0.490274 0.462185
872 -0.049263 0.020321 0.450537 0.021179 0.514565 0.525307
873 -0.040979 0.021560 0.435141 0.020830 0.514233 0.537164
874 -0.041818 0.019637 0.412752 0.020283 0.480620 0.510887
875 -0.001975 0.017624 0.403451 0.020096 0.473872 0.491754
876 -0.021404 0.018415 0.412196 0.020301 0.462843 0.474395
877 -0.004851 0.016804 0.384838 0.019627 0.429923 0.491135
878 -0.004520 0.018813 0.404582 0.020124 0.474213 0.481220
879 0.002652 0.019073 0.425137 0.020629 0.486139 0.498805
880 0.002223 0.020121 0.450387 0.021233 0.503964 0.505091
881 -0.003176 0.019275 0.439734 0.020980 0.511894 0.505092
882 -0.011190 0.018525 0.434105 0.020843 0.497020 0.494647
883 -0.006157 0.019166 0.440974 0.021009 0.515225 0.500939
884 -0.003105 0.018188 0.419784 0.020499 0.497099 0.505119
885 0.021603 0.021030 0.452913 0.021281 0.515121 0.528565
886 0.003241 0.019788 0.468941 0.021666 0.529797 0.526177
887 0.016273 0.019862 0.462667 0.021514 0.502660 0.497855
888 0.010505 0.020758 0.444446 0.021090 0.490754 0.494147
889 -0.023502 0.019739 0.439550 0.020963 0.487228 0.509764
890 -0.026154 0.019288 0.440935 0.020993 0.492331 0.481341
891 -0.020604 0.019487 0.454290 0.021315 0.507684 0.500293
892 -0.010610 0.019451 0.436904 0.020910 0.474750 0.484757
893 -0.002095 0.021497 0.453773 0.021312 0.511688 0.507782
894 -0.035847 0.019920 0.448553 0.021159 0.487545 0.473665
895 -0.015136 0.019320 0.443379 0.021062 0.482345 0.498452
896 0.012849 0.020006 0.434322 0.020847 0.476051 0.498322
897 0.031293 0.019539 0.421058 0.020506 0.472484 0.478898
898 0.055269 0.019738 0.439376 0.020899 0.476824 0.483935
899 0.039453 0.020129 0.450445 0.021198 0.508407 0.507657
900 0.038097 0.020708 0.442776 0.021018 0.513919 0.496773
901 0.017249 0.020929 0.445285 0.021105 0.515226 0.512109
902 0.024795 0.018391 0.416242 0.020397 0.484333 0.492807
903 0.024690 0.019984 0.426379 0.020645 0.484587 0.501310
904 0.034082 0.018774 0.444255 0.021060 0.505150 0.516008
905 0.008908 0.018624 0.427084 0.020674 0.494128 0.498999
906 0.017531 0.020100 0.440951 0.021002 0.513731 0.512585
907 0.015051 0.019379 0.415216 0.020381 0.489412 0.506064
908 0.003642 0.019856 0.445567 0.021119 0.515369 0.501215
909 -0.000416 0.019118 0.424711 0.020619 0.496279 0.491244
910 -0.015366 0.020390 0.454795 0.021331 0.516726 0.511849
911 -0.009799 0.022069 0.438001 0.020937 0.497228 0.501775
912 0.004789 0.021132 0.449437 0.021210 0.506465 0.501189
913 0.009979 0.021624 0.459172 0.021437 0.517008 0.528358
914 0.003857 0.018989 0.433282 0.020825 0.493748 0.471280
915 0.014888 0.018862 0.441245 0.021011 0.498424 0.524297
916 -0.001699 0.019755 0.454338 0.021326 0.507248 0.527351
917 -0.006776 0.018559 0.430912 0.020768 0.481083 0.457673
918 0.027245 0.019990 0.427618 0.020671 0.487600 0.516147
919 0.019620 0.020109 0.453773 0.021304 0.504648 0.491900
920 0.017367 0.018613 0.417598 0.020438 0.479469 0.504479
921 -0.006092 0.018666 0.433603 0.020833 0.501290 0.488044
922 0.007344 0.020617 0.458765 0.021428 0.533835 0.543203
923 0.011560 0.019307 0.457382 0.021394 0.513275 0.489536
924 -0.016181 0.018305 0.419553 0.020487 0.456165 0.475072
925 0.005482 0.019632 0.429512 0.020734 0.479418 0.512480
926 0.016540 0.019494 0.414335 0.020359 0.454287 0.499600
927 0.011182 0.018547 0.430393 0.020753 0.484945 0.481761
928 0.027793 0.019017 0.446327 0.021119 0.495288 0.483514
929 0.048006 0.020779 0.467894 0.021588 0.522412 0.509665
930 0.051160 0.021311 0.465870 0.021534 0.508956 0.484801
931 0.052681 0.021579 0.472774 0.021690 0.519875 0.511273
932 0.068150 0.021705 0.489854 0.022038 0.528170 0.486423
933 0.069080 0.019743 0.469502 0.021568 0.496906 0.480481
934 0.071916 0.023023 0.491603 0.022066 0.516652 0.503710
935 0.052941 0.021757 0.483876 0.021944 0.523493 0.514126
936 0.055272 0.021756 0.498174 0.022262 0.541397 0.510660
937 0.026516 0.021696 0.483173 0.021976 0.515036 0.475091
938 0.015094 0.019151 0.443302 0.021060 0.482662 0.474347
939 -0.010803 0.020939 0.468831 0.021661 0.505797 0.518066
940 -0.001336 0.021908 0.481733 0.021959 0.521734 0.507813
941 -0.008272 0.020491 0.486629 0.022069 0.530513 0.513921
942 0.028449 0.019842 0.470999 0.021695 0.520692 0.494245
943 0.040401 0.019068 0.452770 0.021251 0.497328 0.505719
944 0.032558 0.018624 0.414629 0.020347 0.464665 0.518949
945 0.036245 0.018976 0.441983 0.021003 0.510309 0.525880
946 0.052262 0.019179 0.420501 0.020450 0.476129 0.467591
947 0.027300 0.019720 0.452407 0.021263 0.516693 0.546681
948 0.018806 0.021017 0.452215 0.021268 0.512411 0.482275
949 0.011144 0.019560 0.449543 0.021210 0.512210 0.506407
950 0.003411 0.022731 0.466856 0.021617 0.524833 0.520178
951 -0.004311 0.022222 0.473559 0.021772 0.526191 0.496225
952 -0.006799 0.021200 0.459405 0.021443 0.515052 0.496676
953 0.001426 0.020426 0.433798 0.020838 0.471276 0.474006
954 0.001426 0.020426 0.433798 0.020838 0.471276 0.496798
955 0.013481 0.019982 0.435449 0.020874 0.496249 0.475819
956 0.011739 0.021892 0.437556 0.020925 0.504715 0.510233
957 0.015532 0.019202 0.432709 0.020806 0.494421 0.485401
958 0.041645 0.021259 0.455475 0.021312 0.497445 0.488082
959 0.023661 0.021943 0.458760 0.021416 0.498183 0.498545
960 0.047733 0.021484 0.466132 0.021548 0.503616 0.491296
961 0.047742 0.020549 0.455273 0.021294 0.489532 0.449808
962 0.030782 0.021124 0.458240 0.021395 0.511327 0.500217
963 0.036748 0.019963 0.439405 0.020940 0.491838 0.490207
964 0.023754 0.018220 0.419130 0.020469 0.469337 0.487052
965 0.024869 0.018587 0.418362 0.020449 0.471951 0.481010
966 0.028171 0.017834 0.413368 0.020322 0.470066 0.489212
967 0.024422 0.017322 0.407056 0.020171 0.475230 0.473467
968 0.014495 0.020229 0.433433 0.020824 0.501527 0.504337
969 0.008292 0.019637 0.444659 0.021096 0.509471 0.472400
970 0.012002 0.021102 0.486292 0.022060 0.529484 0.489929
971 0.016845 0.019764 0.454589 0.021325 0.504678 0.503567
972 0.010488 0.021045 0.481170 0.021944 0.546931 0.526132
973 0.021300 0.017974 0.427830 0.020683 0.481545 0.457618
974 0.020928 0.019535 0.455759 0.021349 0.520644 0.517316
975 0.001495 0.019920 0.452398 0.021280 0.502373 0.481601
976 0.007739 0.019091 0.449819 0.021218 0.503751 0.459012
977 0.026754 0.019566 0.447314 0.021143 0.500335 0.473391
978 0.039009 0.021323 0.468548 0.021622 0.513977 0.504533
979 0.029194 0.020622 0.453754 0.021292 0.496873 0.489591
980 -0.000790 0.020575 0.448509 0.021189 0.482152 0.504769
981 -0.002560 0.021581 0.477161 0.021855 0.531411 0.489192
982 -0.000957 0.020976 0.469992 0.021690 0.500212 0.473225
983 0.003117 0.021393 0.477889 0.021871 0.524662 0.517704
984 0.008272 0.019663 0.452700 0.021286 0.501461 0.518658
985 0.008272 0.019663 0.452700 0.021286 0.501461 0.481519
986 0.019338 0.020851 0.460524 0.021462 0.513256 0.498701
987 0.009709 0.021307 0.467699 0.021635 0.522604 0.525139
988 0.001213 0.021211 0.464597 0.021565 0.527812 0.533929
989 -0.006737 0.020730 0.451905 0.021268 0.503311 0.499661
990 -0.021261 0.019259 0.433186 0.020813 0.477471 0.446077
991 -0.004373 0.020513 0.440474 0.020998 0.480864 0.474626
992 0.011610 0.020618 0.437743 0.020930 0.497882 0.506185
993 0.014957 0.019830 0.430508 0.020754 0.483905 0.493620
994 0.018705 0.020153 0.455113 0.021336 0.513643 0.504504
995 0.027853 0.019204 0.457995 0.021393 0.490740 0.485783
996 0.022432 0.020912 0.474519 0.021783 0.521479 0.548517
997 -0.003712 0.019882 0.444391 0.021091 0.501111 0.495364
998 -0.015010 0.021201 0.463990 0.021546 0.520229 0.499441
999 -0.038953 0.017747 0.420619 0.020482 0.476665 0.487086
