1 0.000000 
 2 0.000000 
 3 0.000000 
 4 0.000000 
 5 0.000000 
 6 0.000000 
 7 0.000000 
 8 0.000000 
 9 0.000000 
 10 0.000000 
 11 0.000000 
 12 0.000000 
 13 0.067875 
 14 0.063111 
 15 0.066475 
 16 0.072399 
 17 0.082071 
 18 0.105179 
 19 0.120552 
 20 0.114607 
 21 0.126501 
 22 0.179456 
 23 0.227936 
 24 0.241377 
 25 0.268504 
 26 0.304885 
 27 0.294270 
 28 0.312787 
 29 0.311578 
 30 0.321327 
 31 0.312192 
 32 0.302562 
 33 0.317860 
 34 0.309145 
 35 0.305932 
 36 0.301482 
 37 0.295785 
 38 0.315590 
 39 0.312632 
 40 0.311572 
 41 0.307211 
 42 0.321525 
 43 0.317620 
 44 0.335660 
 45 0.332456 
 46 0.327794 
 47 0.321301 
 48 0.322296 
 49 0.343634 
 50 0.337455 
 51 0.345807 
 52 0.340870 
 53 0.335988 
 54 0.330063 
 55 0.342815 
 56 0.347298 
 57 0.349774 
 58 0.359522 
 59 0.425191 
 60 0.418132 
 61 0.434776 
 62 0.443087 
 63 0.450934 
 64 0.444062 
 65 0.438219 
 66 0.444761 
 67 0.445771 
 68 0.439218 
 69 0.436257 
 70 0.447748 
 71 0.442154 
 72 0.436322 
 73 0.430452 
 74 0.434318 
 75 0.428613 
 76 0.431870 
 77 0.456812 
 78 0.452671 
 79 0.448329 
 80 0.442814 
 81 0.443824 
 82 0.449393 
 83 0.446646 
 84 0.451825 
 85 0.448665 
 86 0.452188 
 87 0.449723 
 88 0.445150 
 89 0.441307 
 90 0.437259 
 91 0.437724 
 92 0.437657 
 93 0.433001 
 94 0.432938 
 95 0.429650 
 96 0.427663 
 97 0.423880 
 98 0.439241 
 99 0.440434 
 100 0.448740 
 101 0.447855 
 102 0.443766 
 103 0.441063 
 104 0.438877 
 105 0.435005 
 106 0.431207 
 107 0.437540 
 108 0.434528 
 109 0.440370 
 110 0.437786 
 111 0.433898 
 112 0.431458 
 113 0.427882 
 114 0.425843 
 115 0.423808 
 116 0.424267 
 117 0.421331 
 118 0.420869 
 119 0.442232 
 120 0.439825 
 121 0.437664 
 122 0.436586 
 123 0.433154 
 124 0.430080 
 125 0.447674 
 126 0.448477 
 127 0.460568 
 128 0.457875 
 129 0.455236 
 130 0.457089 
 131 0.453603 
 132 0.455195 
 133 0.452219 
 134 0.451440 
 135 0.451842 
 136 0.448535 
 137 0.448561 
 138 0.445543 
 139 0.447575 
 140 0.444384 
 141 0.449474 
 142 0.451034 
 143 0.450967 
 144 0.448065 
 145 0.455482 
 146 0.460028 
 147 0.460927 
 148 0.457814 
 149 0.454923 
 150 0.452970 
 151 0.450101 
 152 0.447177 
 153 0.448102 
 154 0.445227 
 155 0.443374 
 156 0.440775 
 157 0.438317 
 158 0.435550 
 159 0.432867 
 160 0.433083 
 161 0.430394 
 162 0.428849 
 163 0.426945 
 164 0.425705 
 165 0.423278 
 166 0.421345 
 167 0.418849 
 168 0.420654 
 169 0.421045 
 170 0.427662 
 171 0.431158 
 172 0.428657 
 173 0.427244 
 174 0.430612 
 175 0.429030 
 176 0.427637 
 177 0.428481 
 178 0.429666 
 179 0.428047 
 180 0.428203 
 181 0.438758 
 182 0.436817 
 183 0.434509 
 184 0.432850 
 185 0.430511 
 186 0.429545 
 187 0.427430 
 188 0.426019 
 189 0.423945 
 190 0.423788 
 191 0.421569 
 192 0.422217 
 193 0.421629 
 194 0.421905 
 195 0.421182 
 196 0.419117 
 197 0.417527 
 198 0.422253 
 199 0.420258 
 200 0.418542 
 201 0.418917 
 202 0.417987 
 203 0.417657 
 204 0.417059 
 205 0.418758 
 206 0.419971 
 207 0.427477 
 208 0.443523 
 209 0.441422 
 210 0.439388 
 211 0.437343 
 212 0.435508 
 213 0.434930 
 214 0.435870 
 215 0.434461 
 216 0.435745 
 217 0.434864 
 218 0.433119 
 219 0.432478 
 220 0.431364 
 221 0.430268 
 222 0.428686 
 223 0.427401 
 224 0.426980 
 225 0.425169 
 226 0.424813 
 227 0.422962 
 228 0.423806 
 229 0.421956 
 230 0.420219 
 231 0.418517 
 232 0.418977 
 233 0.418920 
 234 0.417481 
 235 0.416872 
 236 0.417350 
 237 0.416482 
 238 0.416129 
 239 0.416982 
 240 0.418292 
 241 0.416602 
 242 0.415195 
 243 0.417762 
 244 0.418106 
 245 0.416991 
 246 0.421008 
 247 0.422406 
 248 0.421509 
 249 0.434452 
 250 0.433289 
 251 0.433004 
 252 0.433583 
 253 0.432913 
 254 0.431956 
 255 0.430263 
 256 0.432122 
 257 0.430497 
 258 0.435306 
 259 0.433633 
 260 0.432083 
 261 0.430522 
 262 0.429009 
 263 0.428104 
 264 0.427506 
 265 0.425900 
 266 0.428955 
 267 0.430539 
 268 0.431690 
 269 0.431127 
 270 0.429539 
 271 0.427991 
 272 0.426610 
 273 0.427039 
 274 0.427527 
 275 0.428950 
 276 0.427758 
 277 0.426822 
 278 0.425287 
 279 0.423786 
 280 0.422590 
 281 0.421263 
 282 0.420424 
 283 0.420945 
 284 0.419551 
 285 0.420278 
 286 0.419149 
 287 0.418754 
 288 0.417869 
 289 0.418602 
 290 0.417872 
 291 0.417143 
 292 0.424082 
 293 0.423699 
 294 0.425801 
 295 0.425253 
 296 0.425383 
 297 0.428412 
 298 0.429804 
 299 0.430354 
 300 0.429404 
 301 0.435233 
 302 0.435094 
 303 0.433994 
 304 0.434787 
 305 0.436669 
 306 0.437901 
 307 0.437174 
 308 0.435790 
 309 0.435081 
 310 0.433913 
 311 0.433212 
 312 0.431833 
 313 0.432780 
 314 0.432959 
 315 0.433475 
 316 0.432629 
 317 0.431391 
 318 0.430037 
 319 0.430678 
 320 0.430768 
 321 0.431120 
 322 0.431682 
 323 0.431160 
 324 0.431823 
 325 0.430609 
 326 0.434773 
 327 0.433515 
 328 0.439614 
 329 0.440403 
 330 0.441638 
 331 0.440328 
 332 0.439002 
 333 0.446207 
 334 0.445094 
 335 0.443790 
 336 0.442746 
 337 0.441726 
 338 0.440693 
 339 0.440189 
 340 0.440188 
 341 0.439361 
 342 0.438544 
 343 0.437450 
 344 0.439167 
 345 0.437898 
 346 0.438945 
 347 0.437851 
 348 0.436652 
 349 0.435407 
 350 0.437339 
 351 0.437908 
 352 0.436730 
 353 0.435563 
 354 0.434464 
 355 0.434563 
 356 0.433591 
 357 0.436760 
 358 0.435872 
 359 0.437797 
 360 0.439529 
 361 0.440827 
 362 0.439709 
 363 0.439380 
 364 0.438407 
 365 0.439430 
 366 0.438233 
 367 0.440003 
 368 0.439057 
 369 0.438740 
 370 0.437572 
 371 0.436401 
 372 0.437252 
 373 0.437670 
 374 0.437399 
 375 0.436298 
 376 0.435629 
 377 0.434494 
 378 0.433567 
 379 0.432535 
 380 0.433300 
 381 0.432324 
 382 0.431806 
 383 0.431725 
 384 0.431471 
 385 0.430413 
 386 0.429490 
 387 0.428400 
 388 0.427403 
 389 0.429721 
 390 0.431343 
 391 0.430288 
 392 0.430890 
 393 0.430975 
 394 0.429896 
 395 0.430639 
 396 0.431633 
 397 0.430647 
 398 0.429822 
 399 0.428828 
 400 0.427809 
 401 0.426806 
 402 0.430972 
 403 0.429910 
 404 0.429551 
 405 0.428683 
 406 0.427654 
 407 0.426684 
 408 0.431542 
 409 0.432574 
 410 0.431552 
 411 0.431468 
 412 0.430444 
 413 0.429405 
 414 0.428981 
 415 0.427954 
 416 0.429273 
 417 0.428800 
 418 0.428310 
 419 0.428445 
 420 0.429010 
 421 0.428441 
 422 0.427533 
 423 0.426623 
 424 0.426487 
 425 0.425645 
 426 0.425890 
 427 0.425024 
 428 0.424298 
 429 0.423322 
 430 0.422726 
 431 0.422223 
 432 0.421659 
 433 0.420846 
 434 0.419925 
 435 0.418972 
 436 0.418526 
 437 0.418313 
 438 0.417379 
 439 0.417763 
 440 0.417684 
 441 0.417088 
 442 0.416767 
 443 0.415827 
 444 0.415916 
 445 0.415388 
 446 0.416703 
 447 0.415778 
 448 0.416435 
 449 0.416057 
 450 0.415217 
 451 0.418201 
 452 0.417708 
 453 0.416822 
 454 0.417040 
 455 0.416415 
 456 0.417494 
 457 0.416650 
 458 0.415971 
 459 0.415860 
 460 0.414967 
 461 0.414346 
 462 0.415359 
 463 0.415085 
 464 0.415165 
 465 0.414284 
 466 0.413432 
 467 0.412559 
 468 0.413950 
 469 0.415941 
 470 0.417040 
 471 0.416157 
 472 0.415592 
 473 0.414974 
 474 0.414271 
 475 0.414859 
 476 0.414025 
 477 0.415097 
 478 0.419336 
 479 0.418557 
 480 0.421748 
 481 0.423782 
 482 0.423198 
 483 0.422976 
 484 0.423350 
 485 0.422509 
 486 0.421822 
 487 0.421000 
 488 0.420884 
 489 0.421824 
 490 0.421193 
 491 0.420818 
 492 0.420096 
 493 0.421296 
 494 0.422721 
 495 0.421981 
 496 0.421962 
 497 0.421127 
 498 0.421552 
 499 0.422185 
 500 0.422691 
 501 0.421851 
 502 0.421043 
 503 0.421557 
 504 0.420724 
 505 0.419977 
 506 0.420158 
 507 0.419372 
 508 0.421931 
 509 0.421196 
 510 0.420947 
 511 0.420377 
 512 0.419800 
 513 0.419177 
 514 0.419081 
 515 0.418267 
 516 0.417944 
 517 0.417241 
 518 0.416509 
 519 0.416081 
 520 0.415574 
 521 0.416311 
 522 0.415635 
 523 0.414877 
 524 0.414630 
 525 0.415233 
 526 0.415329 
 527 0.414546 
 528 0.414654 
 529 0.414001 
 530 0.414058 
 531 0.413395 
 532 0.412648 
 533 0.412741 
 534 0.413037 
 535 0.412361 
 536 0.411592 
 537 0.413669 
 538 0.412976 
 539 0.412517 
 540 0.411947 
 541 0.412431 
 542 0.411791 
 543 0.411044 
 544 0.410410 
 545 0.410008 
 546 0.411219 
 547 0.410661 
 548 0.412825 
 549 0.412761 
 550 0.412745 
 551 0.412159 
 552 0.411721 
 553 0.412347 
 554 0.411757 
 555 0.413183 
 556 0.413952 
 557 0.413850 
 558 0.413475 
 559 0.414914 
 560 0.414321 
 561 0.414558 
 562 0.416358 
 563 0.420167 
 564 0.422569 
 565 0.422807 
 566 0.422825 
 567 0.422606 
 568 0.421862 
 569 0.421121 
 570 0.420602 
 571 0.419943 
 572 0.419221 
 573 0.418493 
 574 0.417790 
 575 0.417142 
 576 0.416500 
 577 0.419892 
 578 0.420669 
 579 0.419946 
 580 0.419271 
 581 0.418628 
 582 0.417951 
 583 0.417258 
 584 0.416545 
 585 0.415855 
 586 0.416879 
 587 0.416530 
 588 0.416159 
 589 0.415680 
 590 0.415083 
 591 0.414419 
 592 0.413801 
 593 0.413596 
 594 0.412935 
 595 0.412298 
 596 0.413515 
 597 0.414108 
 598 0.413962 
 599 0.413290 
 600 0.413566 
 601 0.412883 
 602 0.412230 
 603 0.411551 
 604 0.411396 
 605 0.412501 
 606 0.411846 
 607 0.411189 
 608 0.410911 
 609 0.410474 
 610 0.409851 
 611 0.409271 
 612 0.408883 
 613 0.408262 
 614 0.407604 
 615 0.407274 
 616 0.407343 
 617 0.407411 
 618 0.406826 
 619 0.406550 
 620 0.405956 
 621 0.405482 
 622 0.405117 
 623 0.404711 
 624 0.404306 
 625 0.403757 
 626 0.403138 
 627 0.402600 
 628 0.402870 
 629 0.406071 
 630 0.405837 
 631 0.405212 
 632 0.404579 
 633 0.404058 
 634 0.404370 
 635 0.403810 
 636 0.403263 
 637 0.403788 
 638 0.403201 
 639 0.403599 
 640 0.403593 
 641 0.403830 
 642 0.403209 
 643 0.405440 
 644 0.405876 
 645 0.405422 
 646 0.404851 
 647 0.404235 
 648 0.403615 
 649 0.403167 
 650 0.402841 
 651 0.402396 
 652 0.401785 
 653 0.402266 
 654 0.401731 
 655 0.401365 
 656 0.405890 
 657 0.405491 
 658 0.405044 
 659 0.404979 
 660 0.404367 
 661 0.403989 
 662 0.404016 
 663 0.403528 
 664 0.404488 
 665 0.404112 
 666 0.405525 
 667 0.405853 
 668 0.405745 
 669 0.405140 
 670 0.406270 
 671 0.405664 
 672 0.405648 
 673 0.405959 
 674 0.405435 
 675 0.404973 
 676 0.409253 
 677 0.408756 
 678 0.409269 
 679 0.409338 
 680 0.408983 
 681 0.408699 
 682 0.408400 
 683 0.408264 
 684 0.408746 
 685 0.408193 
 686 0.408538 
 687 0.411171 
 688 0.410783 
 689 0.411161 
 690 0.411346 
 691 0.410894 
 692 0.414565 
 693 0.414016 
 694 0.413552 
 695 0.413113 
 696 0.413105 
 697 0.412514 
 698 0.411933 
 699 0.411352 
 700 0.410765 
 701 0.410247 
 702 0.409731 
 703 0.410210 
 704 0.410508 
 705 0.410388 
 706 0.409813 
 707 0.409242 
 708 0.408735 
 709 0.408221 
 710 0.408323 
 711 0.408592 
 712 0.408641 
 713 0.409345 
 714 0.410790 
 715 0.411717 
 716 0.411456 
 717 0.411033 
 718 0.410604 
 719 0.410033 
 720 0.409504 
 721 0.409025 
 722 0.408628 
 723 0.408571 
 724 0.408030 
 725 0.408387 
 726 0.407906 
 727 0.407362 
 728 0.406891 
 729 0.407603 
 730 0.407118 
 731 0.406583 
 732 0.406334 
 733 0.405783 
 734 0.405235 
 735 0.404729 
 736 0.405181 
 737 0.404632 
 738 0.404536 
 739 0.404181 
 740 0.404261 
 741 0.404246 
 742 0.403730 
 743 0.403208 
 744 0.402687 
 745 0.403018 
 746 0.402562 
 747 0.402099 
 748 0.401653 
 749 0.401124 
 750 0.400608 
 751 0.400077 
 752 0.399546 
 753 0.399039 
 754 0.399107 
 755 0.398740 
 756 0.398463 
 757 0.398167 
 758 0.398151 
 759 0.398155 
 760 0.397650 
 761 0.400170 
 762 0.399736 
 763 0.399269 
 764 0.398821 
 765 0.399657 
 766 0.399136 
 767 0.399392 
 768 0.398909 
 769 0.400174 
 770 0.400030 
 771 0.400913 
 772 0.401445 
 773 0.401039 
 774 0.401014 
 775 0.400518 
 776 0.400129 
 777 0.399617 
 778 0.399329 
 779 0.399623 
 780 0.399120 
 781 0.398651 
 782 0.398223 
 783 0.397833 
 784 0.397335 
 785 0.396878 
 786 0.396924 
 787 0.396427 
 788 0.395980 
 789 0.396481 
 790 0.395984 
 791 0.395671 
 792 0.395538 
 793 0.395100 
 794 0.394830 
 795 0.394677 
 796 0.394270 
 797 0.393971 
 798 0.394043 
 799 0.393602 
 800 0.394532 
 801 0.394786 
 802 0.395646 
 803 0.396531 
 804 0.396045 
 805 0.396597 
 806 0.396135 
 807 0.395754 
 808 0.395458 
 809 0.395072 
 810 0.398217 
 811 0.398411 
 812 0.398391 
 813 0.397930 
 814 0.397458 
 815 0.397220 
 816 0.397702 
 817 0.397221 
 818 0.396736 
 819 0.396437 
 820 0.396438 
 821 0.396216 
 822 0.395873 
 823 0.395462 
 824 0.394982 
 825 0.394601 
 826 0.394222 
 827 0.394448 
 828 0.394170 
 829 0.393981 
 830 0.394952 
 831 0.396671 
 832 0.398864 
 833 0.398420 
 834 0.397962 
 835 0.398141 
 836 0.397677 
 837 0.397831 
 838 0.397920 
 839 0.397453 
 840 0.397356 
 841 0.397226 
 842 0.397867 
 843 0.397752 
 844 0.397932 
 845 0.397720 
 846 0.397505 
 847 0.397038 
 848 0.396722 
 849 0.396284 
 850 0.395983 
 851 0.396572 
 852 0.396417 
 853 0.395955 
 854 0.395544 
 855 0.395100 
 856 0.394640 
 857 0.394310 
 858 0.394098 
 859 0.393756 
 860 0.394500 
 861 0.394060 
 862 0.393675 
 863 0.393742 
 864 0.393722 
 865 0.393403 
 866 0.392950 
 867 0.392497 
 868 0.392226 
 869 0.392953 
 870 0.392852 
 871 0.392434 
 872 0.392540 
 873 0.392156 
 874 0.391819 
 875 0.394216 
 876 0.393813 
 877 0.393365 
 878 0.393470 
 879 0.393486 
 880 0.393502 
 881 0.393073 
 882 0.392861 
 883 0.393682 
 884 0.393292 
 885 0.392944 
 886 0.392501 
 887 0.392670 
 888 0.392728 
 889 0.392336 
 890 0.391912 
 891 0.391922 
 892 0.391751 
 893 0.391363 
 894 0.390944 
 895 0.392682 
 896 0.392323 
 897 0.391985 
 898 0.392019 
 899 0.391621 
 900 0.391524 
 901 0.394313 
 902 0.394582 
 903 0.394194 
 904 0.393807 
 905 0.393372 
 906 0.392939 
 907 0.392891 
 908 0.393028 
 909 0.392650 
 910 0.393400 
 911 0.393036 
 912 0.392982 
 913 0.393706 
 914 0.393282 
 915 0.392916 
 916 0.392571 
 917 0.392365 
 918 0.391965 
 919 0.392847 
 920 0.392980 
 921 0.392886 
 922 0.394643 
 923 0.394473 
 924 0.394048 
 925 0.393902 
 926 0.393534 
 927 0.393412 
 928 0.393598 
 929 0.393302 
 930 0.393027 
 931 0.392800 
 932 0.392573 
 933 0.392156 
 934 0.391743 
 935 0.391676 
 936 0.392015 
 937 0.391726 
 938 0.391609 
 939 0.391491 
 940 0.391112 
 941 0.391096 
 942 0.391022 
 943 0.390700 
 944 0.390572 
 945 0.390160 
 946 0.389845 
 947 0.390528 
 948 0.392663 
 949 0.392915 
 950 0.393900 
 951 0.394741 
 952 0.394337 
 953 0.394361 
 954 0.394008 
 955 0.393648 
 956 0.394246 
 957 0.394917 
 958 0.394508 
 959 0.394099 
 960 0.393886 
 961 0.393827 
 962 0.393450 
 963 0.393463 
 964 0.393637 
 965 0.393344 
 966 0.392971 
 967 0.392769 
 968 0.392498 
 969 0.393096 
 970 0.392802 
 971 0.392453 
 972 0.392133 
 973 0.392105 
 974 0.391728 
 975 0.391760 
 976 0.391702 
 977 0.391397 
 978 0.391723 
 979 0.393349 
 980 0.392978 
 981 0.393581 
 982 0.393223 
 983 0.395432 
 984 0.395210 
 985 0.394816 
 986 0.394436 
 987 0.394685 
 988 0.394612 
 989 0.394887 
 990 0.395212 
 991 0.395737 
 992 0.396035 
 993 0.395970 
 994 0.396177 
 995 0.395835 
 996 0.398809 
 997 0.398651 
 998 0.399953 
 999 0.399877 
 