0 -nan 
 1 0.044757 
 2 0.038960 
 3 0.191765 
 4 0.399673 
 5 0.377069 
 6 0.393827 
 7 0.371545 
 8 0.485423 
 9 0.528779 
 10 0.476713 
 11 0.533478 
 12 0.516016 
 13 0.476485 
 14 0.521407 
 15 0.495583 
 16 0.565291 
 17 0.546562 
 18 0.568087 
 19 0.560125 
 20 0.539805 
 21 0.549296 
 22 0.618418 
 23 0.638359 
 24 0.614359 
 25 0.617051 
 26 0.598496 
 27 0.599706 
 28 0.578632 
 29 0.603363 
 30 0.584774 
 31 0.586419 
 32 0.576166 
 33 0.562834 
 34 0.566378 
 35 0.567780 
 36 0.584605 
 37 0.586906 
 38 0.572352 
 39 0.557676 
 40 0.555586 
 41 0.543673 
 42 0.591559 
 43 0.583329 
 44 0.607675 
 45 0.656731 
 46 0.642697 
 47 0.642800 
 48 0.681798 
 49 0.667885 
 50 0.656710 
 51 0.645272 
 52 0.640655 
 53 0.628735 
 54 0.623760 
 55 0.617161 
 56 0.619272 
 57 0.610220 
 58 0.621849 
 59 0.624671 
 60 0.618699 
 61 0.625279 
 62 0.617603 
 63 0.627542 
 64 0.623366 
 65 0.616396 
 66 0.607057 
 67 0.605678 
 68 0.611149 
 69 0.604000 
 70 0.606986 
 71 0.604495 
 72 0.601039 
 73 0.593040 
 74 0.593370 
 75 0.599528 
 76 0.600931 
 77 0.611352 
 78 0.603993 
 79 0.616940 
 80 0.613465 
 81 0.630411 
 82 0.642659 
 83 0.642042 
 84 0.634718 
 85 0.642325 
 86 0.635374 
 87 0.631939 
 88 0.627081 
 89 0.623211 
 90 0.623444 
 91 0.646232 
 92 0.641848 
 93 0.638914 
 94 0.638377 
 95 0.639755 
 96 0.639636 
 97 0.633391 
 98 0.627653 
 99 0.621425 
 100 0.616396 
 101 0.615489 
 102 0.613147 
 103 0.610814 
 104 0.623911 
 105 0.630020 
 106 0.625531 
 107 0.622799 
 108 0.620544 
 109 0.620989 
 110 0.615936 
 111 0.610669 
 112 0.608277 
 113 0.616971 
 114 0.619668 
 115 0.614313 
 116 0.609992 
 117 0.605687 
 118 0.608529 
 119 0.609130 
 120 0.605652 
 121 0.601291 
 122 0.597396 
 123 0.598107 
 124 0.596420 
 125 0.618064 
 126 0.613282 
 127 0.610774 
 128 0.615458 
 129 0.619387 
 130 0.614663 
 131 0.609974 
 132 0.611413 
 133 0.608224 
 134 0.614497 
 135 0.613642 
 136 0.609561 
 137 0.610215 
 138 0.609257 
 139 0.612147 
 140 0.613565 
 141 0.614345 
 142 0.628687 
 143 0.624525 
 144 0.630093 
 145 0.625808 
 146 0.625972 
 147 0.634888 
 148 0.631385 
 149 0.627258 
 150 0.628630 
 151 0.629907 
 152 0.630713 
 153 0.626608 
 154 0.622676 
 155 0.619034 
 156 0.621885 
 157 0.617927 
 158 0.615519 
 159 0.611817 
 160 0.610148 
 161 0.607300 
 162 0.605725 
 163 0.604638 
 164 0.605519 
 165 0.619152 
 166 0.615422 
 167 0.613555 
 168 0.614210 
 169 0.612064 
 170 0.616077 
 171 0.613019 
 172 0.609504 
 173 0.607741 
 174 0.604539 
 175 0.603952 
 176 0.601408 
 177 0.599701 
 178 0.596352 
 179 0.594781 
 180 0.594155 
 181 0.592233 
 182 0.589500 
 183 0.587199 
 184 0.588211 
 185 0.586581 
 186 0.587400 
 187 0.588614 
 188 0.591596 
 189 0.590357 
 190 0.588434 
 191 0.586052 
 192 0.583100 
 193 0.586021 
 194 0.583702 
 195 0.586836 
 196 0.583846 
 197 0.583687 
 198 0.582008 
 199 0.579964 
 200 0.583865 
 201 0.587797 
 202 0.590322 
 203 0.589798 
 204 0.589473 
 205 0.587027 
 206 0.584423 
 207 0.582010 
 208 0.579231 
 209 0.576895 
 210 0.578039 
 211 0.583168 
 212 0.584312 
 213 0.581893 
 214 0.579347 
 215 0.577941 
 216 0.576885 
 217 0.575823 
 218 0.576231 
 219 0.580005 
 220 0.580792 
 221 0.581797 
 222 0.583883 
 223 0.582164 
 224 0.579826 
 225 0.580020 
 226 0.581043 
 227 0.581405 
 228 0.583225 
 229 0.581239 
 230 0.578712 
 231 0.576730 
 232 0.579566 
 233 0.580848 
 234 0.584345 
 235 0.584058 
 236 0.582464 
 237 0.580283 
 238 0.577855 
 239 0.575447 
 240 0.576166 
 241 0.573852 
 242 0.574287 
 243 0.571979 
 244 0.569635 
 245 0.568200 
 246 0.565990 
 247 0.569367 
 248 0.568691 
 249 0.567078 
 250 0.569817 
 251 0.568837 
 252 0.568296 
 253 0.567608 
 254 0.569631 
 255 0.569185 
 256 0.568743 
 257 0.575970 
 258 0.580561 
 259 0.578325 
 260 0.576990 
 261 0.579739 
 262 0.578415 
 263 0.577788 
 264 0.576532 
 265 0.574899 
 266 0.574451 
 267 0.573280 
 268 0.572975 
 269 0.572440 
 270 0.573520 
 271 0.572340 
 272 0.570553 
 273 0.568487 
 274 0.566413 
 275 0.564941 
 276 0.563576 
 277 0.561975 
 278 0.561179 
 279 0.561317 
 280 0.559323 
 281 0.562780 
 282 0.560822 
 283 0.559367 
 284 0.557912 
 285 0.556990 
 286 0.560418 
 287 0.561754 
 288 0.562439 
 289 0.567083 
 290 0.565269 
 291 0.565120 
 292 0.565618 
 293 0.571431 
 294 0.571408 
 295 0.569540 
 296 0.574944 
 297 0.573599 
 298 0.576152 
 299 0.574683 
 300 0.574032 
 301 0.572296 
 302 0.570771 
 303 0.571467 
 304 0.570705 
 305 0.570474 
 306 0.569533 
 307 0.568132 
 308 0.567052 
 309 0.566032 
 310 0.564917 
 311 0.563362 
 312 0.561843 
 313 0.560669 
 314 0.560232 
 315 0.561832 
 316 0.564160 
 317 0.562496 
 318 0.560733 
 319 0.561728 
 320 0.562859 
 321 0.564879 
 322 0.563263 
 323 0.561662 
 324 0.568959 
 325 0.567953 
 326 0.566427 
 327 0.568113 
 328 0.567351 
 329 0.569112 
 330 0.567453 
 331 0.565745 
 332 0.564674 
 333 0.564212 
 334 0.564326 
 335 0.566929 
 336 0.571236 
 337 0.570887 
 338 0.571272 
 339 0.571222 
 340 0.571162 
 341 0.571550 
 342 0.571283 
 343 0.570164 
 344 0.568548 
 345 0.567965 
 346 0.569990 
 347 0.568352 
 348 0.567459 
 349 0.568537 
 350 0.567086 
 351 0.567686 
 352 0.568400 
 353 0.568612 
 354 0.567635 
 355 0.566263 
 356 0.567247 
 357 0.566902 
 358 0.567428 
 359 0.566542 
 360 0.566386 
 361 0.564853 
 362 0.563421 
 363 0.561884 
 364 0.560655 
 365 0.559253 
 366 0.557918 
 367 0.559318 
 368 0.557911 
 369 0.556427 
 370 0.555280 
 371 0.555458 
 372 0.555950 
 373 0.555138 
 374 0.556842 
 375 0.555358 
 376 0.553985 
 377 0.552804 
 378 0.551356 
 379 0.550141 
 380 0.550429 
 381 0.549280 
 382 0.548311 
 383 0.548926 
 384 0.551552 
 385 0.551035 
 386 0.551145 
 387 0.550959 
 388 0.549993 
 389 0.549969 
 390 0.550558 
 391 0.551817 
 392 0.553762 
 393 0.552364 
 394 0.551271 
 395 0.552398 
 396 0.553726 
 397 0.552534 
 398 0.551160 
 399 0.549840 
 400 0.550635 
 401 0.552713 
 402 0.553261 
 403 0.554473 
 404 0.553977 
 405 0.553798 
 406 0.552527 
 407 0.552716 
 408 0.553001 
 409 0.553558 
 410 0.555344 
 411 0.555358 
 412 0.555565 
 413 0.554665 
 414 0.553571 
 415 0.553073 
 416 0.554430 
 417 0.554620 
 418 0.553294 
 419 0.553939 
 420 0.554495 
 421 0.554398 
 422 0.557634 
 423 0.557122 
 424 0.555856 
 425 0.554585 
 426 0.554079 
 427 0.552840 
 428 0.552906 
 429 0.552459 
 430 0.551480 
 431 0.552341 
 432 0.554251 
 433 0.555132 
 434 0.555414 
 435 0.556348 
 436 0.555107 
 437 0.555399 
 438 0.555296 
 439 0.554038 
 440 0.554388 
 441 0.555991 
 442 0.554742 
 443 0.553678 
 444 0.554862 
 445 0.554727 
 446 0.553483 
 447 0.556935 
 448 0.556209 
 449 0.557606 
 450 0.556642 
 451 0.555407 
 452 0.554181 
 453 0.555018 
 454 0.554906 
 455 0.555210 
 456 0.556513 
 457 0.555898 
 458 0.554946 
 459 0.555384 
 460 0.554749 
 461 0.553805 
 462 0.553261 
 463 0.552157 
 464 0.553071 
 465 0.551887 
 466 0.552867 
 467 0.551863 
 468 0.552948 
 469 0.551894 
 470 0.553788 
 471 0.553182 
 472 0.552209 
 473 0.552472 
 474 0.553000 
 475 0.552190 
 476 0.552516 
 477 0.552738 
 478 0.551748 
 479 0.551516 
 480 0.550513 
 481 0.549549 
 482 0.548416 
 483 0.547595 
 484 0.548096 
 485 0.550349 
 486 0.549218 
 487 0.550634 
 488 0.549507 
 489 0.548604 
 490 0.547505 
 491 0.546390 
 492 0.546047 
 493 0.546496 
 494 0.546670 
 495 0.549961 
 496 0.550510 
 497 0.549552 
 498 0.549046 
 499 0.548939 
 500 0.548176 
 501 0.550449 
 502 0.551156 
 503 0.550203 
 504 0.549853 
 505 0.548862 
 506 0.547779 
 507 0.546870 
 508 0.547353 
 509 0.548377 
 510 0.547323 
 511 0.546300 
 512 0.547374 
 513 0.546440 
 514 0.549508 
 515 0.548443 
 516 0.547476 
 517 0.548800 
 518 0.547951 
 519 0.546918 
 520 0.546281 
 521 0.545260 
 522 0.546046 
 523 0.545063 
 524 0.544143 
 525 0.543912 
 526 0.545722 
 527 0.545212 
 528 0.545688 
 529 0.546175 
 530 0.545424 
 531 0.548757 
 532 0.548577 
 533 0.551092 
 534 0.551098 
 535 0.550340 
 536 0.549924 
 537 0.549737 
 538 0.549653 
 539 0.549005 
 540 0.548235 
 541 0.550116 
 542 0.549463 
 543 0.552264 
 544 0.551248 
 545 0.551044 
 546 0.550044 
 547 0.549107 
 548 0.550006 
 549 0.550486 
 550 0.550229 
 551 0.549238 
 552 0.548658 
 553 0.547863 
 554 0.547310 
 555 0.547082 
 556 0.547016 
 557 0.548179 
 558 0.547624 
 559 0.547044 
 560 0.546288 
 561 0.546138 
 562 0.546082 
 563 0.545125 
 564 0.544186 
 565 0.543545 
 566 0.544955 
 567 0.545361 
 568 0.546107 
 569 0.545165 
 570 0.546038 
 571 0.546803 
 572 0.546331 
 573 0.546307 
 574 0.545634 
 575 0.544811 
 576 0.544298 
 577 0.545794 
 578 0.549789 
 579 0.550376 
 580 0.549591 
 581 0.548737 
 582 0.547809 
 583 0.547982 
 584 0.547171 
 585 0.547722 
 586 0.548236 
 587 0.548755 
 588 0.548563 
 589 0.548137 
 590 0.548075 
 591 0.548457 
 592 0.547782 
 593 0.546863 
 594 0.549014 
 595 0.550514 
 596 0.550490 
 597 0.549938 
 598 0.549180 
 599 0.548307 
 600 0.549945 
 601 0.549158 
 602 0.548307 
 603 0.548837 
 604 0.549203 
 605 0.548715 
 606 0.549883 
 607 0.553091 
 608 0.552182 
 609 0.554936 
 610 0.555431 
 611 0.554526 
 612 0.554785 
 613 0.553914 
 614 0.553339 
 615 0.552757 
 616 0.554373 
 617 0.554113 
 618 0.554596 
 619 0.557007 
 620 0.556322 
 621 0.555774 
 622 0.554954 
 623 0.554401 
 624 0.554047 
 625 0.554146 
 626 0.553772 
 627 0.553240 
 628 0.552496 
 629 0.551636 
 630 0.550966 
 631 0.552460 
 632 0.552974 
 633 0.552164 
 634 0.553397 
 635 0.552603 
 636 0.551923 
 637 0.552532 
 638 0.551716 
 639 0.550900 
 640 0.550040 
 641 0.550270 
 642 0.551424 
 643 0.552346 
 644 0.551511 
 645 0.550779 
 646 0.550899 
 647 0.550251 
 648 0.549964 
 649 0.549926 
 650 0.550276 
 651 0.549443 
 652 0.548819 
 653 0.548054 
 654 0.548924 
 655 0.548177 
 656 0.548204 
 657 0.547681 
 658 0.547112 
 659 0.546686 
 660 0.545863 
 661 0.545107 
 662 0.545092 
 663 0.544341 
 664 0.544876 
 665 0.544202 
 666 0.543584 
 667 0.542912 
 668 0.542469 
 669 0.541732 
 670 0.541039 
 671 0.541061 
 672 0.540796 
 673 0.542713 
 674 0.542650 
 675 0.541908 
 676 0.541973 
 677 0.541364 
 678 0.541729 
 679 0.541161 
 680 0.540750 
 681 0.540111 
 682 0.540611 
 683 0.540239 
 684 0.539474 
 685 0.539939 
 686 0.539376 
 687 0.543246 
 688 0.543627 
 689 0.542900 
 690 0.542114 
 691 0.544783 
 692 0.544294 
 693 0.543826 
 694 0.544096 
 695 0.547336 
 696 0.546562 
 697 0.546660 
 698 0.545912 
 699 0.546008 
 700 0.545256 
 701 0.544952 
 702 0.544259 
 703 0.543772 
 704 0.543007 
 705 0.544360 
 706 0.548187 
 707 0.547423 
 708 0.547431 
 709 0.546693 
 710 0.546215 
 711 0.545591 
 712 0.545404 
 713 0.545292 
 714 0.546198 
 715 0.545584 
 716 0.546776 
 717 0.546051 
 718 0.546029 
 719 0.545800 
 720 0.546075 
 721 0.547155 
 722 0.546788 
 723 0.546194 
 724 0.545464 
 725 0.544846 
 726 0.547530 
 727 0.548318 
 728 0.547676 
 729 0.547090 
 730 0.547081 
 731 0.546677 
 732 0.547084 
 733 0.546366 
 734 0.545635 
 735 0.545680 
 736 0.545269 
 737 0.544647 
 738 0.543909 
 739 0.545968 
 740 0.545523 
 741 0.546358 
 742 0.545725 
 743 0.546442 
 744 0.546317 
 745 0.547564 
 746 0.546892 
 747 0.546950 
 748 0.546262 
 749 0.546075 
 750 0.545523 
 751 0.545697 
 752 0.546134 
 753 0.545461 
 754 0.545459 
 755 0.546206 
 756 0.545516 
 757 0.544956 
 758 0.545439 
 759 0.545060 
 760 0.545019 
 761 0.544306 
 762 0.544222 
 763 0.544980 
 764 0.546608 
 765 0.547939 
 766 0.547738 
 767 0.547103 
 768 0.546577 
 769 0.545948 
 770 0.545334 
 771 0.544842 
 772 0.544358 
 773 0.543758 
 774 0.543062 
 775 0.544363 
 776 0.543885 
 777 0.543342 
 778 0.543615 
 779 0.544022 
 780 0.543377 
 781 0.544027 
 782 0.543878 
 783 0.546536 
 784 0.546587 
 785 0.546330 
 786 0.548061 
 787 0.549786 
 788 0.549484 
 789 0.548825 
 790 0.548138 
 791 0.547883 
 792 0.547745 
 793 0.547176 
 794 0.547193 
 795 0.546802 
 796 0.546903 
 797 0.546437 
 798 0.547576 
 799 0.548134 
 800 0.549884 
 801 0.549679 
 802 0.549388 
 803 0.549039 
 804 0.548753 
 805 0.548171 
 806 0.547501 
 807 0.547161 
 808 0.548503 
 809 0.547840 
 810 0.547664 
 811 0.547126 
 812 0.546458 
 813 0.546241 
 814 0.545661 
 815 0.545026 
 816 0.544363 
 817 0.543726 
 818 0.543111 
 819 0.544470 
 820 0.544077 
 821 0.543417 
 822 0.542972 
 823 0.542469 
 824 0.542921 
 825 0.542930 
 826 0.543677 
 827 0.543441 
 828 0.543553 
 829 0.543434 
 830 0.543251 
 831 0.543874 
 832 0.543604 
 833 0.542980 
 834 0.542635 
 835 0.543483 
 836 0.544586 
 837 0.545111 
 838 0.544760 
 839 0.544822 
 840 0.544247 
 841 0.544622 
 842 0.544616 
 843 0.544013 
 844 0.544009 
 845 0.544013 
 846 0.543372 
 847 0.543189 
 848 0.542878 
 849 0.542245 
 850 0.545138 
 851 0.544568 
 852 0.545454 
 853 0.545485 
 854 0.545036 
 855 0.544700 
 856 0.544072 
 857 0.543643 
 858 0.543018 
 859 0.542548 
 860 0.542043 
 861 0.541877 
 862 0.541749 
 863 0.541152 
 864 0.540604 
 865 0.540096 
 866 0.539658 
 867 0.539227 
 868 0.539096 
 869 0.538555 
 870 0.537960 
 871 0.537463 
 872 0.536853 
 873 0.537676 
 874 0.537166 
 875 0.537327 
 876 0.537257 
 877 0.536863 
 878 0.536274 
 879 0.535990 
 880 0.535392 
 881 0.535441 
 882 0.534862 
 883 0.534654 
 884 0.534238 
 885 0.534075 
 886 0.533473 
 887 0.533300 
 888 0.533328 
 889 0.532836 
 890 0.533210 
 891 0.532613 
 892 0.532136 
 893 0.531986 
 894 0.531393 
 895 0.530974 
 896 0.530634 
 897 0.531019 
 898 0.530616 
 899 0.530034 
 900 0.529890 
 901 0.529385 
 902 0.529058 
 903 0.529728 
 904 0.529727 
 905 0.529286 
 906 0.529737 
 907 0.531159 
 908 0.531050 
 909 0.530677 
 910 0.530535 
 911 0.530583 
 912 0.530030 
 913 0.529461 
 914 0.529857 
 915 0.529996 
 916 0.529614 
 917 0.529258 
 918 0.528681 
 919 0.528107 
 920 0.527592 
 921 0.527147 
 922 0.526810 
 923 0.526484 
 924 0.528071 
 925 0.527501 
 926 0.527832 
 927 0.528870 
 928 0.529020 
 929 0.529430 
 930 0.529426 
 931 0.528906 
 932 0.528660 
 933 0.529500 
 934 0.529515 
 935 0.529236 
 936 0.528834 
 937 0.528458 
 938 0.527906 
 939 0.527533 
 940 0.527145 
 941 0.526649 
 942 0.527316 
 943 0.526783 
 944 0.526244 
 945 0.525768 
 946 0.525716 
 947 0.525161 
 948 0.525101 
 949 0.526012 
 950 0.526118 
 951 0.525581 
 952 0.525051 
 953 0.524972 
 954 0.525857 
 955 0.525466 
 956 0.525104 
 957 0.525888 
 958 0.525358 
 959 0.524886 
 960 0.524491 
 961 0.525061 
 962 0.524801 
 963 0.524808 
 964 0.524331 
 965 0.524211 
 966 0.524921 
 967 0.524416 
 968 0.525383 
 969 0.526654 
 970 0.526195 
 971 0.525741 
 972 0.525426 
 973 0.526167 
 974 0.526110 
 975 0.527300 
 976 0.526812 
 977 0.526273 
 978 0.525866 
 979 0.526069 
 980 0.525542 
 981 0.525385 
 982 0.524998 
 983 0.526472 
 984 0.526034 
 985 0.526764 
 986 0.528112 
 987 0.528278 
 988 0.528569 
 989 0.528078 
 990 0.527791 
 991 0.527630 
 992 0.527307 
 993 0.527110 
 994 0.526976 
 995 0.526689 
 996 0.527707 
 997 0.527678 
 998 0.527583 
 999 0.527190 
 1000 0.527089 
 1001 0.527947 
 1002 0.527558 
 1003 0.527239 
 1004 0.526971 
 1005 0.526460 
 1006 0.526754 
 1007 0.527164 
 1008 0.527139 
 1009 0.526747 
 1010 0.526362 
 1011 0.526105 
 1012 0.525877 
 1013 0.525757 
 1014 0.526344 
 1015 0.527676 
 1016 0.527999 
 1017 0.527612 
 1018 0.527463 
 1019 0.527174 
 1020 0.528229 
 1021 0.527719 
 1022 0.527305 
 1023 0.527065 
 1024 0.528447 
 1025 0.529155 
 1026 0.528967 
 1027 0.528761 
 1028 0.529016 
 1029 0.529720 
 1030 0.530826 
 1031 0.530750 
 1032 0.530282 
 1033 0.531369 
 1034 0.530936 
 1035 0.531985 
 1036 0.531938 
 1037 0.531574 
 1038 0.531203 
 1039 0.531041 
 1040 0.530530 
 1041 0.530257 
 1042 0.530224 
 1043 0.530014 
 1044 0.529529 
 1045 0.529044 
 1046 0.528834 
 1047 0.528334 
 1048 0.528507 
 1049 0.528108 
 1050 0.527669 
 1051 0.528011 
 1052 0.527859 
 1053 0.527565 
 1054 0.527578 
 1055 0.527157 
 1056 0.527087 
 1057 0.527520 
 1058 0.528348 
 1059 0.528164 
 1060 0.527667 
 1061 0.527184 
 1062 0.526688 
 1063 0.526211 
 1064 0.525896 
 1065 0.525518 
 1066 0.525144 
 1067 0.524677 
 1068 0.524189 
 1069 0.523731 
 1070 0.523633 
 1071 0.523422 
 1072 0.524414 
 1073 0.524475 
 1074 0.523995 
 1075 0.523986 
 1076 0.523966 
 1077 0.524257 
 1078 0.523903 
 1079 0.523892 
 1080 0.524709 
 1081 0.524368 
 1082 0.524746 
 1083 0.524391 
 1084 0.523957 
 1085 0.523992 
 1086 0.523858 
 1087 0.523393 
 1088 0.522975 
 1089 0.523412 
 1090 0.523197 
 1091 0.523762 
 1092 0.523410 
 1093 0.522934 
 1094 0.522895 
 1095 0.523315 
 1096 0.522838 
 1097 0.522840 
 1098 0.522374 
 1099 0.522971 
 1100 0.523122 
 1101 0.523424 
 1102 0.524963 
 1103 0.524714 
 1104 0.525148 
 1105 0.525641 
 1106 0.526054 
 1107 0.525579 
 1108 0.525304 
 1109 0.525316 
 1110 0.524886 
 1111 0.524453 
 1112 0.524330 
 1113 0.524031 
 1114 0.524756 
 1115 0.524908 
 1116 0.524534 
 1117 0.524820 
 1118 0.525753 
 1119 0.525369 
 1120 0.525086 
 1121 0.525238 
 1122 0.526554 
 1123 0.526242 
 1124 0.526439 
 1125 0.526481 
 1126 0.526521 
 1127 0.526184 
 1128 0.526366 
 1129 0.526761 
 1130 0.526998 
 1131 0.526653 
 1132 0.526397 
 1133 0.525934 
 1134 0.526430 
 1135 0.525975 
 1136 0.525889 
 1137 0.525559 
 1138 0.525136 
 1139 0.524795 
 1140 0.524433 
 1141 0.525003 
 1142 0.525122 
 1143 0.524974 
 1144 0.525396 
 1145 0.525455 
 1146 0.525104 
 1147 0.525548 
 1148 0.525160 
 1149 0.524704 
 1150 0.524365 
 1151 0.523955 
 1152 0.524072 
 1153 0.523966 
 1154 0.523765 
 1155 0.523599 
 1156 0.523189 
 1157 0.522851 
 1158 0.522434 
 1159 0.522871 
 1160 0.523359 
 1161 0.522918 
 1162 0.523831 
 1163 0.523916 
 1164 0.523830 
 1165 0.524095 
 1166 0.524614 
 1167 0.524358 
 1168 0.523965 
 1169 0.523522 
 1170 0.523089 
 1171 0.523976 
 1172 0.523639 
 1173 0.523302 
 1174 0.523275 
 1175 0.522905 
 1176 0.523313 
 1177 0.523150 
 1178 0.523198 
 1179 0.523667 
 1180 0.523238 
 1181 0.523419 
 1182 0.522989 
 1183 0.523294 
 1184 0.523049 
 1185 0.522854 
 1186 0.522838 
 1187 0.522448 
 1188 0.523315 
 1189 0.523338 
 1190 0.523010 
 1191 0.522817 
 1192 0.522439 
 1193 0.522016 
 1194 0.521794 
 1195 0.521441 
 1196 0.521046 
 1197 0.520969 
 1198 0.520644 
 1199 0.520889 
 1200 0.521101 
 1201 0.521596 
 1202 0.522283 
 1203 0.522064 
 1204 0.521759 
 1205 0.521698 
 1206 0.521501 
 1207 0.521406 
 1208 0.521409 
 1209 0.521209 
 1210 0.521430 
 1211 0.521000 
 1212 0.520571 
 1213 0.520297 
 1214 0.519939 
 1215 0.520078 
 1216 0.519970 
 1217 0.520524 
 1218 0.520177 
 1219 0.519897 
 1220 0.519471 
 1221 0.519094 
 1222 0.518677 
 1223 0.518481 
 1224 0.518107 
 1225 0.517739 
 1226 0.518738 
 1227 0.518456 
 1228 0.518490 
 1229 0.518975 
 1230 0.518892 
 1231 0.518519 
 1232 0.518214 
 1233 0.517831 
 1234 0.517632 
 1235 0.517790 
 1236 0.517372 
 1237 0.517063 
 1238 0.517360 
 1239 0.517834 
 1240 0.517541 
 1241 0.517643 
 1242 0.517825 
 1243 0.517465 
 1244 0.518251 
 1245 0.518178 
 1246 0.517949 
 1247 0.517558 
 1248 0.517336 
 1249 0.516930 
 1250 0.516577 
 1251 0.516165 
 1252 0.516051 
 1253 0.515643 
 1254 0.515256 
 1255 0.515209 
 1256 0.516648 
 1257 0.517388 
 1258 0.516986 
 1259 0.516635 
 1260 0.516268 
 1261 0.516192 
 1262 0.515783 
 1263 0.515527 
 1264 0.515124 
 1265 0.514776 
 1266 0.514631 
 1267 0.514241 
 1268 0.514297 
 1269 0.514224 
 1270 0.513870 
 1271 0.514062 
 1272 0.513823 
 1273 0.513690 
 1274 0.514547 
 1275 0.514314 
 1276 0.513922 
 1277 0.513591 
 1278 0.514173 
 1279 0.513904 
 1280 0.513606 
 1281 0.513912 
 1282 0.513751 
 1283 0.514641 
 1284 0.514872 
 1285 0.514981 
 1286 0.514582 
 1287 0.514206 
 1288 0.514324 
 1289 0.514177 
 1290 0.513882 
 1291 0.514447 
 1292 0.514739 
 1293 0.514350 
 1294 0.513953 
 1295 0.514391 
 1296 0.515036 
 1297 0.514771 
 1298 0.514961 
 1299 0.514611 
 1300 0.515448 
 1301 0.515214 
 1302 0.515108 
 1303 0.515256 
 1304 0.515407 
 1305 0.516265 
 1306 0.516235 
 1307 0.516656 
 1308 0.517427 
 1309 0.517133 
 1310 0.516781 
 1311 0.516391 
 1312 0.516018 
 1313 0.516061 
 1314 0.515669 
 1315 0.515305 
 1316 0.514957 
 1317 0.514640 
 1318 0.514284 
 1319 0.513921 
 1320 0.513721 
 1321 0.514785 
 1322 0.514610 
 1323 0.514647 
 1324 0.514419 
 1325 0.514068 
 1326 0.514421 
 1327 0.515279 
 1328 0.515160 
 1329 0.515017 
 1330 0.514663 
 1331 0.514305 
 1332 0.514328 
 1333 0.514070 
 1334 0.514686 
 1335 0.514422 
 1336 0.514056 
 1337 0.513787 
 1338 0.513451 
 1339 0.513590 
 1340 0.513575 
 1341 0.513197 
 1342 0.512862 
 1343 0.513210 
 1344 0.512916 
 1345 0.512542 
 1346 0.512475 
 1347 0.512319 
 1348 0.512009 
 1349 0.511762 
 1350 0.511399 
 1351 0.511085 
 1352 0.510849 
 1353 0.510761 
 1354 0.511578 
 1355 0.511302 
 1356 0.511627 
 1357 0.511552 
 1358 0.511336 
 1359 0.511067 
 1360 0.510782 
 1361 0.510455 
 1362 0.510262 
 1363 0.510040 
 1364 0.509686 
 1365 0.509331 
 1366 0.509470 
 1367 0.509361 
 1368 0.510172 
 1369 0.510119 
 1370 0.509780 
 1371 0.509719 
 1372 0.509393 
 1373 0.510144 
 1374 0.510022 
 1375 0.510247 
 1376 0.510470 
 1377 0.510140 
 1378 0.510548 
 1379 0.510562 
 1380 0.510218 
 1381 0.509926 
 1382 0.509570 
 1383 0.509650 
 1384 0.509401 
 1385 0.510394 
 1386 0.510360 
 1387 0.510043 
 1388 0.509806 
 1389 0.509593 
 1390 0.509474 
 1391 0.509574 
 1392 0.509363 
 1393 0.509515 
 1394 0.509299 
 1395 0.508938 
 1396 0.509207 
 1397 0.509373 
 1398 0.509022 
 1399 0.509795 
 1400 0.509441 
 1401 0.509223 
 1402 0.509059 
 1403 0.509139 
 1404 0.509084 
 1405 0.509215 
 1406 0.509274 
 1407 0.509861 
 1408 0.509514 
 1409 0.509978 
 1410 0.509941 
 1411 0.509860 
 1412 0.509939 
 1413 0.509669 
 1414 0.509591 
 1415 0.509562 
 1416 0.510007 
 1417 0.509777 
 1418 0.509645 
 1419 0.509589 
 1420 0.509232 
 1421 0.508923 
 1422 0.509174 
 1423 0.509211 
 1424 0.508856 
 1425 0.508540 
 1426 0.508227 
 1427 0.507890 
 1428 0.507554 
 1429 0.507571 
 1430 0.507497 
 1431 0.507518 
 1432 0.507555 
 1433 0.507274 
 1434 0.508036 
 1435 0.508379 
 1436 0.508068 
 1437 0.508215 
 1438 0.508117 
 1439 0.507984 
 1440 0.507761 
 1441 0.507929 
 1442 0.507908 
 1443 0.507927 
 1444 0.508088 
 1445 0.509178 
 1446 0.508977 
 1447 0.510705 
 1448 0.510963 
 1449 0.510762 
 1450 0.510587 
 1451 0.511531 
 1452 0.511269 
 1453 0.512064 
 1454 0.511790 
 1455 0.511672 
 1456 0.511346 
 1457 0.511135 
 1458 0.510870 
 1459 0.511677 
 1460 0.511540 
 1461 0.511519 
 1462 0.511350 
 1463 0.511010 
 1464 0.511462 
 1465 0.511208 
 1466 0.511485 
 1467 0.511231 
 1468 0.510956 
 1469 0.511352 
 1470 0.511024 
 1471 0.510745 
 1472 0.510398 
 1473 0.510523 
 1474 0.510498 
 1475 0.510440 
 1476 0.511188 
 1477 0.510938 
 1478 0.510872 
 1479 0.510547 
 1480 0.510227 
 1481 0.509883 
 1482 0.510113 
 1483 0.509772 
 1484 0.509680 
 1485 0.509675 
 1486 0.509775 
 1487 0.509634 
 1488 0.509553 
 1489 0.509283 
 1490 0.508999 
 1491 0.510527 
 1492 0.510191 
 1493 0.510000 
 1494 0.509662 
 1495 0.509747 
 1496 0.509616 
 1497 0.509889 
 1498 0.509550 
 1499 0.509210 
 1500 0.508928 
 1501 0.509094 
 1502 0.508887 
 1503 0.508787 
 1504 0.509012 
 1505 0.508818 
 1506 0.509624 
 1507 0.509426 
 1508 0.509094 
 1509 0.508767 
 1510 0.508432 
 1511 0.509001 
 1512 0.508913 
 1513 0.509333 
 1514 0.510225 
 1515 0.509891 
 1516 0.509883 
 1517 0.509669 
 1518 0.509426 
 1519 0.509133 
 1520 0.508802 
 1521 0.508554 
 1522 0.509222 
 1523 0.509643 
 1524 0.509624 
 1525 0.509372 
 1526 0.509071 
 1527 0.508937 
 1528 0.508676 
 1529 0.508837 
 1530 0.509069 
 1531 0.508755 
 1532 0.508734 
 1533 0.508907 
 1534 0.508578 
 1535 0.508440 
 1536 0.508219 
 1537 0.508149 
 1538 0.507993 
 1539 0.508560 
 1540 0.508242 
 1541 0.507965 
 1542 0.507725 
 1543 0.507401 
 1544 0.507328 
 1545 0.508042 
 1546 0.507789 
 1547 0.507463 
 1548 0.507298 
 1549 0.507858 
 1550 0.507915 
 1551 0.507696 
 1552 0.507932 
 1553 0.508425 
 1554 0.508605 
 1555 0.508282 
 1556 0.508302 
 1557 0.508050 
 1558 0.508671 
 1559 0.508929 
 1560 0.508605 
 1561 0.508286 
 1562 0.507974 
 1563 0.508016 
 1564 0.507691 
 1565 0.507623 
 1566 0.507302 
 1567 0.507141 
 1568 0.506819 
 1569 0.507113 
 1570 0.507677 
 1571 0.507429 
 1572 0.507181 
 1573 0.507002 
 1574 0.506769 
 1575 0.506602 
 1576 0.506546 
 1577 0.507376 
 1578 0.507221 
 1579 0.507043 
 1580 0.506860 
 1581 0.506639 
 1582 0.506459 
 1583 0.506275 
 1584 0.506885 
 1585 0.506805 
 1586 0.507300 
 1587 0.508290 
 1588 0.508809 
 1589 0.509472 
 1590 0.509501 
 1591 0.509512 
 1592 0.509192 
 1593 0.508873 
 1594 0.508960 
 1595 0.509127 
 1596 0.508811 
 1597 0.508494 
 1598 0.508957 
 1599 0.508679 
 1600 0.508661 
 1601 0.509284 
 1602 0.509167 
 1603 0.508893 
 1604 0.509521 
 1605 0.509363 
 1606 0.509163 
 1607 0.508864 
 1608 0.508751 
 1609 0.509332 
 1610 0.510258 
 1611 0.509949 
 1612 0.509648 
 1613 0.509809 
 1614 0.509694 
 1615 0.509484 
 1616 0.509683 
 1617 0.509370 
 1618 0.510540 
 1619 0.510786 
 1620 0.510579 
 1621 0.510333 
 1622 0.510208 
 1623 0.510085 
 1624 0.510841 
 1625 0.511995 
 1626 0.512252 
 1627 0.512146 
 1628 0.512514 
 1629 0.512440 
 1630 0.512138 
 1631 0.512078 
 1632 0.512765 
 1633 0.512633 
 1634 0.513695 
 1635 0.513574 
 1636 0.514276 
 1637 0.514791 
 1638 0.515357 
 1639 0.515400 
 1640 0.515221 
 1641 0.516142 
 1642 0.515857 
 1643 0.515713 
 1644 0.515402 
 1645 0.515137 
 1646 0.515001 
 1647 0.514814 
 1648 0.514512 
 1649 0.514767 
 1650 0.515545 
 1651 0.515281 
 1652 0.515011 
 1653 0.515382 
 1654 0.515092 
 1655 0.514785 
 1656 0.514607 
 1657 0.514644 
 1658 0.514413 
 1659 0.514324 
 1660 0.514339 
 1661 0.514241 
 1662 0.514163 
 1663 0.514472 
 1664 0.514188 
 1665 0.514375 
 1666 0.514073 
 1667 0.514183 
 1668 0.513901 
 1669 0.513692 
 1670 0.513622 
 1671 0.513588 
 1672 0.513766 
 1673 0.513948 
 1674 0.513864 
 1675 0.514007 
 1676 0.513901 
 1677 0.513625 
 1678 0.513588 
 1679 0.513382 
 1680 0.513272 
 1681 0.513824 
 1682 0.513561 
 1683 0.513281 
 1684 0.513046 
 1685 0.512781 
 1686 0.512476 
 1687 0.512328 
 1688 0.512186 
 1689 0.512008 
 1690 0.512087 
 1691 0.511955 
 1692 0.513145 
 1693 0.512849 
 1694 0.512568 
 1695 0.512265 
 1696 0.512190 
 1697 0.511961 
 1698 0.512089 
 1699 0.511846 
 1700 0.511576 
 1701 0.511664 
 1702 0.511444 
 1703 0.511827 
 1704 0.511596 
 1705 0.511373 
 1706 0.511249 
 1707 0.511295 
 1708 0.511429 
 1709 0.512519 
 1710 0.512351 
 1711 0.512181 
 1712 0.512103 
 1713 0.512148 
 1714 0.512420 
 1715 0.512128 
 1716 0.512625 
 1717 0.512351 
 1718 0.512364 
 1719 0.512072 
 1720 0.511816 
 1721 0.511771 
 1722 0.511672 
 1723 0.511380 
 1724 0.511609 
 1725 0.511396 
 1726 0.511341 
 1727 0.511247 
 1728 0.510980 
 1729 0.511081 
 1730 0.510995 
 1731 0.510737 
 1732 0.510449 
 1733 0.510159 
 1734 0.510061 
 1735 0.509944 
 1736 0.510404 
 1737 0.510465 
 1738 0.510183 
 1739 0.510132 
 1740 0.510161 
 1741 0.510045 
 1742 0.509985 
 1743 0.510492 
 1744 0.510586 
 1745 0.510661 
 1746 0.510408 
 1747 0.510588 
 1748 0.510309 
 1749 0.510026 
 1750 0.509748 
 1751 0.509469 
 1752 0.509288 
 1753 0.509212 
 1754 0.508990 
 1755 0.508703 
 1756 0.508754 
 1757 0.508833 
 1758 0.509571 
 1759 0.509338 
 1760 0.509305 
 1761 0.509212 
 1762 0.508991 
 1763 0.508717 
 1764 0.508956 
 1765 0.509168 
 1766 0.509537 
 1767 0.509315 
 1768 0.509043 
 1769 0.508914 
 1770 0.508845 
 1771 0.508559 
 1772 0.508830 
 1773 0.509023 
 1774 0.508743 
 1775 0.508588 
 1776 0.508335 
 1777 0.508050 
 1778 0.508062 
 1779 0.507783 
 1780 0.507548 
 1781 0.507274 
 1782 0.507899 
 1783 0.508172 
 1784 0.508272 
 1785 0.508462 
 1786 0.508569 
 1787 0.508296 
 1788 0.508201 
 1789 0.508657 
 1790 0.509040 
 1791 0.509072 
 1792 0.509056 
 1793 0.509614 
 1794 0.509475 
 1795 0.509236 
 1796 0.509080 
 1797 0.509071 
 1798 0.508831 
 1799 0.510641 
 1800 0.511322 
 1801 0.511268 
 1802 0.511409 
 1803 0.511491 
 1804 0.511769 
 1805 0.511559 
 1806 0.511277 
 1807 0.511441 
 1808 0.511453 
 1809 0.511767 
 1810 0.511648 
 1811 0.511370 
 1812 0.511661 
 1813 0.511403 
 1814 0.511129 
 1815 0.510851 
 1816 0.510764 
 1817 0.511096 
 1818 0.510851 
 1819 0.510630 
 1820 0.510370 
 1821 0.510297 
 1822 0.510157 
 1823 0.509899 
 1824 0.509763 
 1825 0.509651 
 1826 0.509388 
 1827 0.509118 
 1828 0.508866 
 1829 0.509677 
 1830 0.509438 
 1831 0.509597 
 1832 0.509539 
 1833 0.509330 
 1834 0.509052 
 1835 0.509013 
 1836 0.508736 
 1837 0.508489 
 1838 0.508348 
 1839 0.508072 
 1840 0.507853 
 1841 0.507577 
 1842 0.507360 
 1843 0.507279 
 1844 0.507086 
 1845 0.507047 
 1846 0.506815 
 1847 0.506591 
 1848 0.506543 
 1849 0.506273 
 1850 0.506149 
 1851 0.506547 
 1852 0.506307 
 1853 0.506674 
 1854 0.506401 
 1855 0.507083 
 1856 0.507058 
 1857 0.507312 
 1858 0.507045 
 1859 0.507194 
 1860 0.506921 
 1861 0.506756 
 1862 0.506516 
 1863 0.506246 
 1864 0.506007 
 1865 0.505743 
 1866 0.505802 
 1867 0.505533 
 1868 0.505538 
 1869 0.505286 
 1870 0.505373 
 1871 0.505241 
 1872 0.505487 
 1873 0.505218 
 1874 0.504954 
 1875 0.505989 
 1876 0.505763 
 1877 0.505993 
 1878 0.505765 
 1879 0.505752 
 1880 0.505674 
 1881 0.505940 
 1882 0.506896 
 1883 0.506821 
 1884 0.507141 
 1885 0.506940 
 1886 0.506846 
 1887 0.506579 
 1888 0.506496 
 1889 0.506530 
 1890 0.506343 
 1891 0.506595 
 1892 0.507098 
 1893 0.506949 
 1894 0.506757 
 1895 0.506653 
 1896 0.506386 
 1897 0.506124 
 1898 0.505866 
 1899 0.505885 
 1900 0.505641 
 1901 0.505388 
 1902 0.505265 
 1903 0.505195 
 1904 0.505268 
 1905 0.505580 
 1906 0.505408 
 1907 0.505555 
 1908 0.505311 
 1909 0.505482 
 1910 0.505265 
 1911 0.505315 
 1912 0.505064 
 1913 0.504953 
 1914 0.505161 
 1915 0.505495 
 1916 0.505236 
 1917 0.505291 
 1918 0.505052 
 1919 0.504885 
 1920 0.504911 
 1921 0.504912 
 1922 0.504856 
 1923 0.504793 
 1924 0.504646 
 1925 0.504470 
 1926 0.504442 
 1927 0.504180 
 1928 0.503983 
 1929 0.503777 
 1930 0.503802 
 1931 0.504082 
 1932 0.503978 
 1933 0.504291 
 1934 0.504507 
 1935 0.504294 
 1936 0.504147 
 1937 0.504123 
 1938 0.504290 
 1939 0.504161 
 1940 0.504435 
 1941 0.504593 
 1942 0.504785 
 1943 0.504820 
 1944 0.504563 
 1945 0.504581 
 1946 0.504591 
 1947 0.504794 
 1948 0.504636 
 1949 0.504391 
 1950 0.504596 
 1951 0.505117 
 1952 0.505397 
 1953 0.505142 
 1954 0.505024 
 1955 0.505264 
 1956 0.505065 
 1957 0.504811 
 1958 0.505019 
 1959 0.505151 
 1960 0.504893 
 1961 0.504688 
 1962 0.504669 
 1963 0.504757 
 1964 0.504509 
 1965 0.504253 
 1966 0.504611 
 1967 0.504479 
 1968 0.504258 
 1969 0.504153 
 1970 0.504138 
 1971 0.504240 
 1972 0.503999 
 1973 0.503764 
 1974 0.503725 
 1975 0.503635 
 1976 0.503435 
 1977 0.503696 
 1978 0.503532 
 1979 0.503285 
 1980 0.503208 
 1981 0.503272 
 1982 0.503513 
 1983 0.503284 
 1984 0.503220 
 1985 0.503343 
 1986 0.503399 
 1987 0.503215 
 1988 0.502962 
 1989 0.504056 
 1990 0.503964 
 1991 0.503874 
 1992 0.504387 
 1993 0.504142 
 1994 0.503969 
 1995 0.504747 
 1996 0.504770 
 1997 0.504574 
 1998 0.504383 
 1999 0.504243 
 2000 0.504065 
 2001 0.503816 
 2002 0.503720 
 2003 0.503768 
 2004 0.503659 
 2005 0.503686 
 2006 0.503488 
 2007 0.503419 
 2008 0.503860 
 2009 0.503903 
 2010 0.503961 
 2011 0.503712 
 2012 0.504059 
 2013 0.504109 
 2014 0.504359 
 2015 0.504206 
 2016 0.504020 
 2017 0.504214 
 2018 0.504051 
 2019 0.503825 
 2020 0.503971 
 2021 0.503804 
 2022 0.504177 
 2023 0.504817 
 2024 0.505189 
 2025 0.504956 
 2026 0.504806 
 2027 0.505506 
 2028 0.505779 
 2029 0.505934 
 2030 0.506146 
 2031 0.505912 
 2032 0.505684 
 2033 0.505488 
 2034 0.505261 
 2035 0.505295 
 2036 0.505112 
 2037 0.504926 
 2038 0.504844 
 2039 0.504638 
 2040 0.504394 
 2041 0.504568 
 2042 0.504328 
 2043 0.504122 
 2044 0.503932 
 2045 0.503700 
 2046 0.504170 
 2047 0.503987 
 2048 0.504060 
 2049 0.504300 
 2050 0.504494 
 2051 0.504266 
 2052 0.504058 
 2053 0.504528 
 2054 0.504652 
 2055 0.504916 
 2056 0.504693 
 2057 0.504650 
 2058 0.504691 
 2059 0.504505 
 2060 0.504428 
 2061 0.504551 
 2062 0.504457 
 2063 0.504570 
 2064 0.504931 
 2065 0.504687 
 2066 0.504690 
 2067 0.504745 
 2068 0.504528 
 2069 0.504286 
 2070 0.504480 
 2071 0.504291 
 2072 0.504098 
 2073 0.503947 
 2074 0.503716 
 2075 0.503637 
 2076 0.503395 
 2077 0.503233 
 2078 0.502998 
 2079 0.503000 
 2080 0.502995 
 2081 0.502774 
 2082 0.502963 
 2083 0.502733 
 2084 0.502562 
 2085 0.502589 
 2086 0.502878 
 2087 0.502638 
 2088 0.503371 
 2089 0.503163 
 2090 0.503107 
 2091 0.503331 
 2092 0.503126 
 2093 0.502889 
 2094 0.502667 
 2095 0.502448 
 2096 0.502335 
 2097 0.502495 
 2098 0.502477 
 2099 0.502239 
 2100 0.502152 
 2101 0.501960 
 2102 0.502637 
 2103 0.502431 
 2104 0.502666 
 2105 0.502498 
 2106 0.502499 
 2107 0.502645 
 2108 0.502867 
 2109 0.503220 
 2110 0.503171 
 2111 0.503026 
 2112 0.502844 
 2113 0.502617 
 2114 0.502742 
 2115 0.502908 
 2116 0.502838 
 2117 0.503189 
 2118 0.503271 
 2119 0.503046 
 2120 0.502913 
 2121 0.503285 
 2122 0.503476 
 2123 0.503248 
 2124 0.503012 
 2125 0.503004 
 2126 0.502893 
 2127 0.502674 
 2128 0.502457 
 2129 0.502422 
 2130 0.502275 
 2131 0.502102 
 2132 0.501975 
 2133 0.502026 
 2134 0.502149 
 2135 0.502374 
 2136 0.502151 
 2137 0.502312 
 2138 0.502124 
 2139 0.502139 
 2140 0.502421 
 2141 0.502190 
 2142 0.502441 
 2143 0.502308 
 2144 0.502609 
 2145 0.502566 
 2146 0.502609 
 2147 0.502792 
 2148 0.503078 
 2149 0.503100 
 2150 0.503407 
 2151 0.503206 
 2152 0.502973 
 2153 0.502740 
 2154 0.502516 
 2155 0.502467 
 2156 0.502452 
 2157 0.502244 
 2158 0.502103 
 2159 0.501949 
 2160 0.501916 
 2161 0.501933 
 2162 0.501703 
 2163 0.501756 
 2164 0.501920 
 2165 0.502063 
 2166 0.502314 
 2167 0.502262 
 2168 0.502457 
 2169 0.502541 
 2170 0.502364 
 2171 0.502133 
 2172 0.502085 
 2173 0.502465 
 2174 0.502311 
 2175 0.502093 
 2176 0.501888 
 2177 0.502005 
 2178 0.501885 
 2179 0.501704 
 2180 0.501721 
 2181 0.501970 
 2182 0.501888 
 2183 0.502022 
 2184 0.501796 
 2185 0.501685 
 2186 0.501742 
 2187 0.501735 
 2188 0.501518 
 2189 0.501647 
 2190 0.501716 
 2191 0.501497 
 2192 0.501809 
 2193 0.501582 
 2194 0.501690 
 2195 0.501634 
 2196 0.501434 
 2197 0.502218 
 2198 0.502006 
 2199 0.502253 
 2200 0.502041 
 2201 0.501847 
 2202 0.501701 
 2203 0.502007 
 2204 0.502008 
 2205 0.502067 
 2206 0.501844 
 2207 0.501871 
 2208 0.501948 
 2209 0.502128 
 2210 0.501910 
 2211 0.501861 
 2212 0.501824 
 2213 0.502028 
 2214 0.502189 
 2215 0.502160 
 2216 0.502108 
 2217 0.502283 
 2218 0.502767 
 2219 0.503094 
 2220 0.503983 
 2221 0.503820 
 2222 0.504131 
 2223 0.503982 
 2224 0.503795 
 2225 0.503858 
 2226 0.504234 
 2227 0.504008 
 2228 0.503784 
 2229 0.503564 
 2230 0.503508 
 2231 0.503286 
 2232 0.503061 
 2233 0.502869 
 2234 0.502775 
 2235 0.502877 
 2236 0.502664 
 2237 0.502440 
 2238 0.502661 
 2239 0.503131 
 2240 0.503958 
 2241 0.503935 
 2242 0.503762 
 2243 0.503870 
 2244 0.504449 
 2245 0.504341 
 2246 0.504311 
 2247 0.504087 
 2248 0.504099 
 2249 0.503914 
 2250 0.503736 
 2251 0.503699 
 2252 0.503476 
 2253 0.503260 
 2254 0.503103 
 2255 0.503047 
 2256 0.503373 
 2257 0.503392 
 2258 0.503331 
 2259 0.503130 
 2260 0.502926 
 2261 0.502789 
 2262 0.502587 
 2263 0.502382 
 2264 0.502775 
 2265 0.503337 
 2266 0.503158 
 2267 0.503064 
 2268 0.502849 
 2269 0.502744 
 2270 0.502655 
 2271 0.502444 
 2272 0.502320 
 2273 0.502108 
 2274 0.502420 
 2275 0.502212 
 2276 0.502817 
 2277 0.502746 
 2278 0.502526 
 2279 0.502510 
 2280 0.502573 
 2281 0.502354 
 2282 0.502243 
 2283 0.502048 
 2284 0.501909 
 2285 0.501939 
 2286 0.501755 
 2287 0.501844 
 2288 0.502094 
 2289 0.502043 
 2290 0.501875 
 2291 0.501656 
 2292 0.501952 
 2293 0.501882 
 2294 0.501786 
 2295 0.501750 
 2296 0.501725 
 2297 0.501552 
 2298 0.501376 
 2299 0.501534 
 2300 0.501380 
 2301 0.501162 
 2302 0.501448 
 2303 0.501702 
 2304 0.501490 
 2305 0.501888 
 2306 0.502497 
 2307 0.502387 
 2308 0.502381 
 2309 0.502189 
 2310 0.502548 
 2311 0.502685 
 2312 0.502797 
 2313 0.502802 
 2314 0.503235 
 2315 0.503031 
 2316 0.502839 
 2317 0.502629 
 2318 0.503327 
 2319 0.503192 
 2320 0.503140 
 2321 0.503027 
 2322 0.502837 
 2323 0.502643 
 2324 0.502737 
 2325 0.502816 
 2326 0.502610 
 2327 0.502571 
 2328 0.502700 
 2329 0.502714 
 2330 0.502813 
 2331 0.502630 
 2332 0.503135 
 2333 0.503033 
 2334 0.502818 
 2335 0.502602 
 2336 0.502674 
 2337 0.502515 
 2338 0.502321 
 2339 0.502158 
 2340 0.502487 
 2341 0.502375 
 2342 0.502190 
 2343 0.502080 
 2344 0.501877 
 2345 0.501711 
 2346 0.501642 
 2347 0.501738 
 2348 0.501588 
 2349 0.501869 
 2350 0.502218 
 2351 0.502269 
 2352 0.502066 
 2353 0.502419 
 2354 0.502357 
 2355 0.502284 
 2356 0.502176 
 2357 0.502063 
 2358 0.501907 
 2359 0.501782 
 2360 0.501599 
 2361 0.501386 
 2362 0.501356 
 2363 0.501719 
 2364 0.501539 
 2365 0.501327 
 2366 0.501125 
 2367 0.500940 
 2368 0.500730 
 2369 0.500553 
 2370 0.500349 
 2371 0.500138 
 2372 0.500648 
 2373 0.500679 
 2374 0.500576 
 2375 0.500572 
 2376 0.500415 
 2377 0.500349 
 2378 0.500958 
 2379 0.501764 
 2380 0.501572 
 2381 0.501374 
 2382 0.501513 
 2383 0.501362 
 2384 0.501406 
 2385 0.501335 
 2386 0.501126 
 2387 0.501183 
 2388 0.501119 
 2389 0.500914 
 2390 0.501001 
 2391 0.501099 
 2392 0.500890 
 2393 0.501900 
 2394 0.501693 
 2395 0.502202 
 2396 0.502103 
 2397 0.502166 
 2398 0.502197 
 2399 0.502005 
 2400 0.501812 
 2401 0.501836 
 2402 0.501659 
 2403 0.501572 
 2404 0.501364 
 2405 0.501181 
 2406 0.501133 
 2407 0.501001 
 2408 0.500835 
 2409 0.501254 
 2410 0.501056 
 2411 0.500853 
 2412 0.501217 
 2413 0.501306 
 2414 0.501317 
 2415 0.501469 
 2416 0.501262 
 2417 0.501060 
 2418 0.501170 
 2419 0.501014 
 2420 0.500807 
 2421 0.500939 
 2422 0.500989 
 2423 0.501028 
 2424 0.501300 
 2425 0.501404 
 2426 0.501201 
 2427 0.501007 
 2428 0.501287 
 2429 0.501135 
 2430 0.501102 
 2431 0.500897 
 2432 0.500695 
 2433 0.501152 
 2434 0.500978 
 2435 0.500857 
 2436 0.500696 
 2437 0.500502 
 2438 0.500417 
 2439 0.500240 
 2440 0.500119 
 2441 0.499925 
 2442 0.499920 
 2443 0.499867 
 2444 0.499673 
 2445 0.499707 
 2446 0.499510 
 2447 0.499316 
 2448 0.499195 
 2449 0.498999 
 2450 0.498956 
 2451 0.498764 
 2452 0.498757 
 2453 0.498564 
 2454 0.498681 
 2455 0.498838 
 2456 0.498722 
 2457 0.498656 
 2458 0.499221 
 2459 0.499239 
 2460 0.499598 
 2461 0.499678 
 2462 0.499657 
 2463 0.499739 
 2464 0.499590 
 2465 0.499670 
 2466 0.499536 
 2467 0.499431 
 2468 0.499276 
 2469 0.499660 
 2470 0.499608 
 2471 0.499668 
 2472 0.499919 
 2473 0.500231 
 2474 0.500095 
 2475 0.500543 
 2476 0.500523 
 2477 0.500471 
 2478 0.500340 
 2479 0.500627 
 2480 0.500677 
 2481 0.500693 
 2482 0.500493 
 2483 0.500413 
 2484 0.500345 
 2485 0.500280 
 2486 0.500080 
 2487 0.499879 
 2488 0.499681 
 2489 0.500129 
 2490 0.500438 
 2491 0.500243 
 2492 0.501284 
 2493 0.501423 
 2494 0.501447 
 2495 0.501453 
 2496 0.501336 
 2497 0.501150 
 2498 0.500956 
 2499 0.501377 
 2500 0.501478 
 2501 0.501405 
 2502 0.501310 
 2503 0.501482 
 2504 0.501728 
 2505 0.502035 
 2506 0.501854 
 2507 0.501788 
 2508 0.502066 
 2509 0.501935 
 2510 0.501844 
 2511 0.502010 
 2512 0.501861 
 2513 0.501946 
 2514 0.502432 
 2515 0.502281 
 2516 0.502096 
 2517 0.501904 
 2518 0.501707 
 2519 0.501702 
 2520 0.501510 
 2521 0.501314 
 2522 0.501130 
 2523 0.500932 
 2524 0.501072 
 2525 0.501428 
 2526 0.501268 
 2527 0.501120 
 2528 0.500971 
 2529 0.501143 
 2530 0.500955 
 2531 0.500945 
 2532 0.500797 
 2533 0.500680 
 2534 0.500712 
 2535 0.500802 
 2536 0.501388 
 2537 0.501638 
 2538 0.501557 
 2539 0.501361 
 2540 0.501182 
 2541 0.501128 
 2542 0.501182 
 2543 0.501120 
 2544 0.500924 
 2545 0.501431 
 2546 0.501314 
 2547 0.501773 
 2548 0.501686 
 2549 0.501517 
 2550 0.501348 
 2551 0.501159 
 2552 0.501161 
 2553 0.501101 
 2554 0.500919 
 2555 0.500857 
 2556 0.501248 
 2557 0.501320 
 2558 0.501273 
 2559 0.501332 
 2560 0.501212 
 2561 0.501029 
 2562 0.500862 
 2563 0.500721 
 2564 0.500623 
 2565 0.500510 
 2566 0.500363 
 2567 0.500440 
 2568 0.500518 
 2569 0.500836 
 2570 0.501150 
 2571 0.500994 
 2572 0.500851 
 2573 0.500724 
 2574 0.500597 
 2575 0.500403 
 2576 0.500613 
 2577 0.500466 
 2578 0.500300 
 2579 0.500127 
 2580 0.499983 
 2581 0.500524 
 2582 0.500514 
 2583 0.500486 
 2584 0.500293 
 2585 0.500102 
 2586 0.499913 
 2587 0.499721 
 2588 0.500207 
 2589 0.500248 
 2590 0.500191 
 2591 0.500246 
 2592 0.500669 
 2593 0.500488 
 2594 0.500303 
 2595 0.500111 
 2596 0.500161 
 2597 0.500591 
 2598 0.500583 
 2599 0.501238 
 2600 0.501110 
 2601 0.501324 
 2602 0.501194 
 2603 0.501113 
 2604 0.500928 
 2605 0.500971 
 2606 0.500780 
 2607 0.500626 
 2608 0.500546 
 2609 0.500354 
 2610 0.500380 
 2611 0.500380 
 2612 0.500887 
 2613 0.500711 
 2614 0.501043 
 2615 0.501218 
 2616 0.501554 
 2617 0.501978 
 2618 0.501787 
 2619 0.501872 
 2620 0.501915 
 2621 0.501767 
 2622 0.501911 
 2623 0.501792 
 2624 0.501761 
 2625 0.501873 
 2626 0.501697 
 2627 0.501595 
 2628 0.501410 
 2629 0.501348 
 2630 0.501184 
 2631 0.501413 
 2632 0.501498 
 2633 0.501817 
 2634 0.502040 
 2635 0.501872 
 2636 0.501686 
 2637 0.501577 
 2638 0.501815 
 2639 0.501695 
 2640 0.501516 
 2641 0.501358 
 2642 0.501198 
 2643 0.501029 
 2644 0.500849 
 2645 0.500789 
 2646 0.500601 
 2647 0.500667 
 2648 0.500794 
 2649 0.500614 
 2650 0.500628 
 2651 0.500795 
 2652 0.500710 
 2653 0.501200 
 2654 0.502070 
 2655 0.502091 
 2656 0.502017 
 2657 0.501835 
 2658 0.501692 
 2659 0.501775 
 2660 0.501587 
 2661 0.501742 
 2662 0.501914 
 2663 0.501965 
 2664 0.502060 
 2665 0.501895 
 2666 0.501855 
 2667 0.501667 
 2668 0.501927 
 2669 0.502244 
 2670 0.502076 
 2671 0.501898 
 2672 0.501717 
 2673 0.501531 
 2674 0.501355 
 2675 0.501738 
 2676 0.501644 
 2677 0.501821 
 2678 0.501717 
 2679 0.501716 
 2680 0.501590 
 2681 0.501449 
 2682 0.501416 
 2683 0.501329 
 2684 0.501144 
 2685 0.501168 
 2686 0.501462 
 2687 0.501508 
 2688 0.501724 
 2689 0.501663 
 2690 0.501485 
 2691 0.501307 
 2692 0.501232 
 2693 0.501116 
 2694 0.501040 
 2695 0.500861 
 2696 0.500713 
 2697 0.500543 
 2698 0.500583 
 2699 0.500401 
 2700 0.500232 
 2701 0.500051 
 2702 0.499875 
 2703 0.499704 
 2704 0.499978 
 2705 0.500086 
 2706 0.500071 
 2707 0.499910 
 2708 0.499778 
 2709 0.499806 
 2710 0.499868 
 2711 0.499697 
 2712 0.499682 
 2713 0.499500 
 2714 0.500056 
 2715 0.499874 
 2716 0.499693 
 2717 0.499547 
 2718 0.499367 
 2719 0.499417 
 2720 0.499424 
 2721 0.499337 
 2722 0.499177 
 2723 0.499561 
 2724 0.499495 
 2725 0.499615 
 2726 0.499617 
 2727 0.499481 
 2728 0.499305 
 2729 0.499155 
 2730 0.498977 
 2731 0.498803 
 2732 0.498624 
 2733 0.498622 
 2734 0.498752 
 2735 0.499004 
 2736 0.498860 
 2737 0.498678 
 2738 0.498627 
 2739 0.498628 
 2740 0.498495 
 2741 0.498330 
 2742 0.498716 
 2743 0.498601 
 2744 0.498430 
 2745 0.498267 
 2746 0.498116 
 2747 0.497937 
 2748 0.497790 
 2749 0.497816 
 2750 0.497782 
 2751 0.497633 
 2752 0.497870 
 2753 0.497694 
 2754 0.497564 
 2755 0.497877 
 2756 0.497786 
 2757 0.497672 
 2758 0.497600 
 2759 0.497660 
 2760 0.497532 
 2761 0.497400 
 2762 0.497255 
 2763 0.497115 
 2764 0.497248 
 2765 0.497183 
 2766 0.497036 
 2767 0.496936 
 2768 0.496916 
 2769 0.496830 
 2770 0.496653 
 2771 0.496476 
 2772 0.496302 
 2773 0.496123 
 2774 0.496103 
 2775 0.495929 
 2776 0.495877 
 2777 0.495716 
 2778 0.495679 
 2779 0.495703 
 2780 0.495736 
 2781 0.495655 
 2782 0.495518 
 2783 0.495342 
 2784 0.495199 
 2785 0.495357 
 2786 0.495514 
 2787 0.495513 
 2788 0.495808 
 2789 0.496020 
 2790 0.495917 
 2791 0.496189 
 2792 0.496487 
 2793 0.496377 
 2794 0.496292 
 2795 0.496397 
 2796 0.496748 
 2797 0.496767 
 2798 0.496988 
 2799 0.496993 
 2800 0.497040 
 2801 0.497019 
 2802 0.496861 
 2803 0.496914 
 2804 0.496837 
 2805 0.496695 
 2806 0.496715 
 2807 0.496672 
 2808 0.496622 
 2809 0.496783 
 2810 0.496688 
 2811 0.496554 
 2812 0.496845 
 2813 0.496670 
 2814 0.496775 
 2815 0.496808 
 2816 0.496713 
 2817 0.496834 
 2818 0.496988 
 2819 0.496869 
 2820 0.496706 
 2821 0.496579 
 2822 0.496462 
 2823 0.496777 
 2824 0.496832 
 2825 0.497291 
 2826 0.497119 
 2827 0.497109 
 2828 0.497268 
 2829 0.497134 
 2830 0.497049 
 2831 0.496884 
 2832 0.496785 
 2833 0.496847 
 2834 0.496915 
 2835 0.496889 
 2836 0.496731 
 2837 0.496892 
 2838 0.496732 
 2839 0.496609 
 2840 0.496470 
 2841 0.496567 
 2842 0.496469 
 2843 0.496507 
 2844 0.496367 
 2845 0.496593 
 2846 0.496548 
 2847 0.496452 
 2848 0.496578 
 2849 0.496488 
 2850 0.496534 
 2851 0.496848 
 2852 0.496820 
 2853 0.496657 
 2854 0.496902 
 2855 0.496783 
 2856 0.496614 
 2857 0.496482 
 2858 0.496757 
 2859 0.496605 
 2860 0.496435 
 2861 0.496264 
 2862 0.496096 
 2863 0.495987 
 2864 0.495919 
 2865 0.495888 
 2866 0.495830 
 2867 0.495732 
 2868 0.495598 
 2869 0.495856 
 2870 0.495688 
 2871 0.495521 
 2872 0.495349 
 2873 0.495516 
 2874 0.495363 
 2875 0.495529 
 2876 0.495372 
 2877 0.495233 
 2878 0.495131 
 2879 0.495458 
 2880 0.495760 
 2881 0.495949 
 2882 0.495911 
 2883 0.495769 
 2884 0.496087 
 2885 0.496250 
 2886 0.496599 
 2887 0.496520 
 2888 0.496438 
 2889 0.496279 
 2890 0.496558 
 2891 0.496686 
 2892 0.496533 
 2893 0.496455 
 2894 0.496843 
 2895 0.496788 
 2896 0.496685 
 2897 0.496518 
 2898 0.496902 
 2899 0.496731 
 2900 0.496572 
 2901 0.496682 
 2902 0.496616 
 2903 0.496718 
 2904 0.496714 
 2905 0.496670 
 2906 0.496816 
 2907 0.497037 
 2908 0.496902 
 2909 0.496890 
 2910 0.497662 
 2911 0.497595 
 2912 0.497431 
 2913 0.497262 
 2914 0.497180 
 2915 0.497036 
 2916 0.497306 
 2917 0.497145 
 2918 0.497122 
 2919 0.497223 
 2920 0.497054 
 2921 0.496919 
 2922 0.497069 
 2923 0.496900 
 2924 0.496732 
 2925 0.496791 
 2926 0.496858 
 2927 0.496688 
 2928 0.496705 
 2929 0.496536 
 2930 0.496866 
 2931 0.496699 
 2932 0.496718 
 2933 0.496709 
 2934 0.496729 
 2935 0.497063 
 2936 0.496937 
 2937 0.497031 
 2938 0.497221 
 2939 0.497297 
 2940 0.497592 
 2941 0.497449 
 2942 0.497298 
 2943 0.497427 
 2944 0.497595 
 2945 0.497448 
 2946 0.497667 
 2947 0.497671 
 2948 0.497548 
 2949 0.497545 
 2950 0.497408 
 2951 0.497436 
 2952 0.497872 
 2953 0.497943 
 2954 0.497775 
 2955 0.497619 
 2956 0.497509 
 2957 0.497341 
 2958 0.497189 
 2959 0.497241 
 2960 0.497073 
 2961 0.497431 
 2962 0.497315 
 2963 0.497148 
 2964 0.497040 
 2965 0.496872 
 2966 0.496753 
 2967 0.496601 
 2968 0.496488 
 2969 0.496366 
 2970 0.496246 
 2971 0.496237 
 2972 0.496213 
 2973 0.496073 
 2974 0.495989 
 2975 0.495940 
 2976 0.496040 
 2977 0.495898 
 2978 0.495778 
 2979 0.495655 
 2980 0.495501 
 2981 0.496126 
 2982 0.496045 
 2983 0.495887 
 2984 0.495883 
 2985 0.495717 
 2986 0.495648 
 2987 0.496386 
 2988 0.496240 
 2989 0.496082 
 2990 0.495952 
 2991 0.495878 
 2992 0.495964 
 2993 0.495803 
 2994 0.495639 
 2995 0.495582 
 2996 0.495700 
 2997 0.496005 
 2998 0.495846 
 2999 0.496076 
 3000 0.495923 
 3001 0.495929 
 3002 0.495870 
 3003 0.495758 
 3004 0.495904 
 3005 0.495754 
 3006 0.495623 
 3007 0.495462 
 3008 0.495365 
 3009 0.495248 
 3010 0.495340 
 3011 0.495407 
 3012 0.495578 
 3013 0.495688 
 3014 0.495698 
 3015 0.495549 
 3016 0.495573 
 3017 0.495433 
 3018 0.495284 
 3019 0.495400 
 3020 0.495337 
 3021 0.495341 
 3022 0.495299 
 3023 0.495459 
 3024 0.495547 
 3025 0.495892 
 3026 0.495877 
 3027 0.496177 
 3028 0.496206 
 3029 0.496893 
 3030 0.496735 
 3031 0.496806 
 3032 0.496956 
 3033 0.496921 
 3034 0.496982 
 3035 0.496880 
 3036 0.497079 
 3037 0.496974 
 3038 0.497021 
 3039 0.497068 
 3040 0.496933 
 3041 0.496999 
 3042 0.497105 
 3043 0.497297 
 3044 0.497437 
 3045 0.497274 
 3046 0.497131 
 3047 0.497075 
 3048 0.496912 
 3049 0.496983 
 3050 0.496866 
 3051 0.496731 
 3052 0.496882 
 3053 0.496973 
 3054 0.497149 
 3055 0.497028 
 3056 0.496876 
 3057 0.496883 
 3058 0.496882 
 3059 0.497379 
 3060 0.497616 
 3061 0.497681 
 3062 0.497726 
 3063 0.497798 
 3064 0.498309 
 3065 0.498519 
 3066 0.498758 
 3067 0.498672 
 3068 0.498780 
 3069 0.499104 
 3070 0.499261 
 3071 0.499538 
 3072 0.499380 
 3073 0.499224 
 3074 0.499081 
 3075 0.499156 
 3076 0.499044 
 3077 0.498930 
 3078 0.498804 
 3079 0.499078 
 3080 0.498928 
 3081 0.498799 
 3082 0.498701 
 3083 0.498593 
 3084 0.498450 
 3085 0.498413 
 3086 0.498265 
 3087 0.498270 
 3088 0.498143 
 3089 0.497988 
 3090 0.497827 
 3091 0.497720 
 3092 0.497559 
 3093 0.497437 
 3094 0.497277 
 3095 0.497119 
 3096 0.497042 
 3097 0.496892 
 3098 0.496869 
 3099 0.496867 
 3100 0.496741 
 3101 0.496626 
 3102 0.496667 
 3103 0.496544 
 3104 0.496562 
 3105 0.496708 
 3106 0.496746 
 3107 0.496586 
 3108 0.496582 
 3109 0.496518 
 3110 0.496454 
 3111 0.496383 
 3112 0.496314 
 3113 0.496188 
 3114 0.496107 
 3115 0.495965 
 3116 0.496136 
 3117 0.496044 
 3118 0.496141 
 3119 0.496267 
 3120 0.496311 
 3121 0.496182 
 3122 0.496205 
 3123 0.496239 
 3124 0.496170 
 3125 0.496107 
 3126 0.496586 
 3127 0.496428 
 3128 0.497041 
 3129 0.497090 
 3130 0.496954 
 3131 0.496829 
 3132 0.497350 
 3133 0.497210 
 3134 0.497158 
 3135 0.497367 
 3136 0.497224 
 3137 0.497084 
 3138 0.497073 
 3139 0.497130 
 3140 0.497032 
 3141 0.497021 
 3142 0.497333 
 3143 0.497339 
 3144 0.497185 
 3145 0.497086 
 3146 0.497012 
 3147 0.497067 
 3148 0.497258 
 3149 0.497122 
 3150 0.497038 
 3151 0.496913 
 3152 0.496812 
 3153 0.496675 
 3154 0.496765 
 3155 0.496608 
 3156 0.496559 
 3157 0.496668 
 3158 0.496585 
 3159 0.496811 
 3160 0.496673 
 3161 0.497315 
 3162 0.497462 
 3163 0.497309 
 3164 0.497156 
 3165 0.497437 
 3166 0.497480 
 3167 0.497647 
 3168 0.497545 
 3169 0.497449 
 3170 0.497335 
 3171 0.497263 
 3172 0.497311 
 3173 0.497556 
 3174 0.497579 
 3175 0.497527 
 3176 0.498261 
 3177 0.498114 
 3178 0.498200 
 3179 0.498288 
 3180 0.498133 
 3181 0.498079 
 3182 0.497937 
 3183 0.497782 
 3184 0.497859 
 3185 0.497940 
 3186 0.497785 
 3187 0.497634 
 3188 0.497485 
 3189 0.497556 
 3190 0.497406 
 3191 0.497685 
 3192 0.497595 
 3193 0.497572 
 3194 0.497625 
 3195 0.497501 
 3196 0.497407 
 3197 0.497274 
 3198 0.497199 
 3199 0.497267 
 3200 0.497510 
 3201 0.497901 
 3202 0.497746 
 3203 0.497839 
 3204 0.497688 
 3205 0.497558 
 3206 0.497478 
 3207 0.497327 
 3208 0.497550 
 3209 0.497475 
 3210 0.497494 
 3211 0.497382 
 3212 0.497858 
 3213 0.497765 
 3214 0.497632 
 3215 0.497479 
 3216 0.497328 
 3217 0.497559 
 3218 0.497968 
 3219 0.498048 
 3220 0.497895 
 3221 0.498259 
 3222 0.498107 
 3223 0.498089 
 3224 0.498130 
 3225 0.498081 
 3226 0.498105 
 3227 0.498044 
 3228 0.498060 
 3229 0.497970 
 3230 0.497834 
 3231 0.497685 
 3232 0.497818 
 3233 0.497750 
 3234 0.497822 
 3235 0.497940 
 3236 0.497881 
 3237 0.497800 
 3238 0.497686 
 3239 0.497636 
 3240 0.497766 
 3241 0.497622 
 3242 0.497626 
 3243 0.497653 
 3244 0.497744 
 3245 0.497591 
 3246 0.497463 
 3247 0.497415 
 3248 0.497264 
 3249 0.497791 
 3250 0.497641 
 3251 0.497494 
 3252 0.497343 
 3253 0.497349 
 3254 0.497350 
 3255 0.497204 
 3256 0.497194 
 3257 0.497044 
 3258 0.496899 
 3259 0.496760 
 3260 0.496702 
 3261 0.496616 
 3262 0.496518 
 3263 0.496366 
 3264 0.496243 
 3265 0.496359 
 3266 0.496209 
 3267 0.496291 
 3268 0.496196 
 3269 0.496369 
 3270 0.496256 
 3271 0.496274 
 3272 0.496134 
 3273 0.496056 
 3274 0.495928 
 3275 0.495786 
 3276 0.495668 
 3277 0.495871 
 3278 0.495759 
 3279 0.495640 
 3280 0.495529 
 3281 0.495382 
 3282 0.495308 
 3283 0.495302 
 3284 0.495226 
 3285 0.495129 
 3286 0.495403 
 3287 0.495317 
 3288 0.495288 
 3289 0.495628 
 3290 0.495682 
 3291 0.495539 
 3292 0.495727 
 3293 0.495724 
 3294 0.495695 
 3295 0.495549 
 3296 0.495886 
 3297 0.495922 
 3298 0.496169 
 3299 0.496026 
 3300 0.495893 
 3301 0.495771 
 3302 0.495780 
 3303 0.495660 
 3304 0.495732 
 3305 0.495657 
 3306 0.495880 
 3307 0.495731 
 3308 0.495600 
 3309 0.495509 
 3310 0.495365 
 3311 0.495320 
 3312 0.495171 
 3313 0.495146 
 3314 0.495113 
 3315 0.495143 
 3316 0.495120 
 3317 0.495098 
 3318 0.495323 
 3319 0.495176 
 3320 0.495175 
 3321 0.495043 
 3322 0.495113 
 3323 0.495060 
 3324 0.494917 
 3325 0.494920 
 3326 0.494849 
 3327 0.494755 
 3328 0.494667 
 3329 0.494864 
 3330 0.495144 
 3331 0.495197 
 3332 0.495289 
 3333 0.495141 
 3334 0.495060 
 3335 0.495002 
 3336 0.494864 
 3337 0.494808 
 3338 0.494701 
 3339 0.494732 
 3340 0.495442 
 3341 0.495373 
 3342 0.495302 
 3343 0.495313 
 3344 0.495328 
 3345 0.495291 
 3346 0.495473 
 3347 0.495408 
 3348 0.495455 
 3349 0.495587 
 3350 0.495459 
 3351 0.495639 
 3352 0.495491 
 3353 0.495542 
 3354 0.495645 
 3355 0.495903 
 3356 0.495855 
 3357 0.495728 
 3358 0.495582 
 3359 0.495439 
 3360 0.495382 
 3361 0.495308 
 3362 0.495181 
 3363 0.495074 
 3364 0.494949 
 3365 0.494865 
 3366 0.494732 
 3367 0.494747 
 3368 0.494806 
 3369 0.494912 
 3370 0.494923 
 3371 0.494803 
 3372 0.494907 
 3373 0.494801 
 3374 0.494658 
 3375 0.494774 
 3376 0.494905 
 3377 0.495509 
 3378 0.495405 
 3379 0.495454 
 3380 0.495343 
 3381 0.495664 
 3382 0.495526 
 3383 0.495787 
 3384 0.495646 
 3385 0.495541 
 3386 0.495405 
 3387 0.495297 
 3388 0.495384 
 3389 0.495279 
 3390 0.495154 
 3391 0.495012 
 3392 0.495486 
 3393 0.495347 
 3394 0.495204 
 3395 0.495123 
 3396 0.495246 
 3397 0.495107 
 3398 0.494989 
 3399 0.494855 
 3400 0.494853 
 3401 0.494712 
 3402 0.494740 
 3403 0.494798 
 3404 0.494695 
 3405 0.494586 
 3406 0.494857 
 3407 0.494759 
 3408 0.494886 
 3409 0.494747 
 3410 0.495076 
 3411 0.494935 
 3412 0.494795 
 3413 0.494875 
 3414 0.494971 
 3415 0.494927 
 3416 0.494783 
 3417 0.494649 
 3418 0.494703 
 3419 0.494736 
 3420 0.494656 
 3421 0.494538 
 3422 0.494434 
 3423 0.494299 
 3424 0.494366 
 3425 0.494222 
 3426 0.494088 
 3427 0.493944 
 3428 0.494211 
 3429 0.494174 
 3430 0.494343 
 3431 0.494767 
 3432 0.495286 
 3433 0.495666 
 3434 0.495570 
 3435 0.495428 
 3436 0.495284 
 3437 0.495147 
 3438 0.495520 
 3439 0.495377 
 3440 0.495266 
 3441 0.495276 
 3442 0.495142 
 3443 0.495106 
 3444 0.495011 
 3445 0.495005 
 3446 0.494899 
 3447 0.494926 
 3448 0.494980 
 3449 0.494983 
 3450 0.494850 
 3451 0.495055 
 3452 0.494944 
 3453 0.495109 
 3454 0.495132 
 3455 0.495012 
 3456 0.495149 
 3457 0.495155 
 3458 0.495080 
 3459 0.495012 
 3460 0.494887 
 3461 0.494813 
 3462 0.494716 
 3463 0.494595 
 3464 0.494506 
 3465 0.494582 
 3466 0.494507 
 3467 0.494370 
 3468 0.494332 
 3469 0.494331 
 3470 0.494570 
 3471 0.494810 
 3472 0.495050 
 3473 0.495125 
 3474 0.495111 
 3475 0.495015 
 3476 0.494957 
 3477 0.494821 
 3478 0.494702 
 3479 0.494580 
 3480 0.494493 
 3481 0.494351 
 3482 0.494236 
 3483 0.494217 
 3484 0.494171 
 3485 0.494200 
 3486 0.494112 
 3487 0.494142 
 3488 0.494370 
 3489 0.494835 
 3490 0.494769 
 3491 0.494659 
 3492 0.494584 
 3493 0.494602 
 3494 0.494487 
 3495 0.494347 
 3496 0.494298 
 3497 0.494361 
 3498 0.494516 
 3499 0.494474 
 3500 0.494687 
 3501 0.494581 
 3502 0.494461 
 3503 0.494366 
 3504 0.494230 
 3505 0.494189 
 3506 0.494404 
 3507 0.494277 
 3508 0.494173 
 3509 0.494069 
 3510 0.493940 
 3511 0.493837 
 3512 0.493704 
 3513 0.493656 
 3514 0.493652 
 3515 0.493524 
 3516 0.493383 
 3517 0.493552 
 3518 0.493469 
 3519 0.493599 
 3520 0.493479 
 3521 0.493514 
 3522 0.493445 
 3523 0.493622 
 3524 0.493589 
 3525 0.493473 
 3526 0.493423 
 3527 0.493285 
 3528 0.493147 
 3529 0.493082 
 3530 0.493621 
 3531 0.493528 
 3532 0.493403 
 3533 0.493540 
 3534 0.493400 
 3535 0.493443 
 3536 0.493474 
 3537 0.493383 
 3538 0.493244 
 3539 0.493225 
 3540 0.493106 
 3541 0.493226 
 3542 0.493107 
 3543 0.493119 
 3544 0.492986 
 3545 0.493020 
 3546 0.493024 
 3547 0.493088 
 3548 0.492955 
 3549 0.492944 
 3550 0.492821 
 3551 0.493181 
 3552 0.493096 
 3553 0.492961 
 3554 0.492921 
 3555 0.493043 
 3556 0.493118 
 3557 0.492998 
 3558 0.493362 
 3559 0.494009 
 3560 0.494091 
 3561 0.494330 
 3562 0.494345 
 3563 0.494255 
 3564 0.494124 
 3565 0.494066 
 3566 0.493929 
 3567 0.493831 
 3568 0.494087 
 3569 0.494225 
 3570 0.494364 
 3571 0.494422 
 3572 0.494286 
 3573 0.494152 
 3574 0.494096 
 3575 0.494137 
 3576 0.494132 
 3577 0.494417 
 3578 0.494449 
 3579 0.494317 
 3580 0.494268 
 3581 0.494140 
 3582 0.494009 
 3583 0.493949 
 3584 0.494001 
 3585 0.494216 
 3586 0.494355 
 3587 0.494310 
 3588 0.494307 
 3589 0.494264 
 3590 0.494150 
 3591 0.494114 
 3592 0.494237 
 3593 0.494154 
 3594 0.494242 
 3595 0.494106 
 3596 0.493994 
 3597 0.494152 
 3598 0.494090 
 3599 0.494134 
 3600 0.494056 
 3601 0.493920 
 3602 0.494047 
 3603 0.493915 
 3604 0.493815 
 3605 0.493700 
 3606 0.494173 
 3607 0.494354 
 3608 0.494535 
 3609 0.494411 
 3610 0.494312 
 3611 0.494334 
 3612 0.494256 
 3613 0.494346 
 3614 0.494254 
 3615 0.494118 
 3616 0.494012 
 3617 0.494005 
 3618 0.493902 
 3619 0.494443 
 3620 0.494344 
 3621 0.494562 
 3622 0.494713 
 3623 0.494740 
 3624 0.494859 
 3625 0.495067 
 3626 0.494970 
 3627 0.494958 
 3628 0.494902 
 3629 0.495526 
 3630 0.495395 
 3631 0.495275 
 3632 0.495147 
 3633 0.495040 
 3634 0.494904 
 3635 0.494788 
 3636 0.494807 
 3637 0.494671 
 3638 0.494950 
 3639 0.494817 
 3640 0.494681 
 3641 0.494892 
 3642 0.494759 
 3643 0.494706 
 3644 0.494943 
 3645 0.494808 
 3646 0.494829 
 3647 0.495019 
 3648 0.495018 
 3649 0.494921 
 3650 0.494785 
 3651 0.494881 
 3652 0.494798 
 3653 0.494665 
 3654 0.494575 
 3655 0.494552 
 3656 0.494704 
 3657 0.494688 
 3658 0.494556 
 3659 0.494545 
 3660 0.494448 
 3661 0.494728 
 3662 0.494688 
 3663 0.494616 
 3664 0.494491 
 3665 0.494401 
 3666 0.494276 
 3667 0.494479 
 3668 0.494345 
 3669 0.494297 
 3670 0.494207 
 3671 0.494082 
 3672 0.494052 
 3673 0.493939 
 3674 0.493996 
 3675 0.494130 
 3676 0.494290 
 3677 0.494620 
 3678 0.494512 
 3679 0.494384 
 3680 0.494279 
 3681 0.494147 
 3682 0.494016 
 3683 0.494123 
 3684 0.494462 
 3685 0.494331 
 3686 0.494250 
 3687 0.494124 
 3688 0.494023 
 3689 0.494239 
 3690 0.494304 
 3691 0.494586 
 3692 0.494464 
 3693 0.494643 
 3694 0.494617 
 3695 0.494514 
 3696 0.494443 
 3697 0.494400 
 3698 0.494269 
 3699 0.494314 
 3700 0.494209 
 3701 0.494333 
 3702 0.494199 
 3703 0.494101 
 3704 0.494067 
 3705 0.494001 
 3706 0.493868 
 3707 0.493745 
 3708 0.493815 
 3709 0.493889 
 3710 0.493813 
 3711 0.493681 
 3712 0.493736 
 3713 0.493749 
 3714 0.493650 
 3715 0.493594 
 3716 0.493466 
 3717 0.493358 
 3718 0.493419 
 3719 0.493403 
 3720 0.493272 
 3721 0.493163 
 3722 0.493056 
 3723 0.492930 
 3724 0.493011 
 3725 0.492968 
 3726 0.493399 
 3727 0.493374 
 3728 0.493284 
 3729 0.493162 
 3730 0.493116 
 3731 0.493310 
 3732 0.493478 
 3733 0.493412 
 3734 0.493654 
 3735 0.493834 
 3736 0.493877 
 3737 0.494200 
 3738 0.494101 
 3739 0.494075 
 3740 0.493943 
 3741 0.493977 
 3742 0.493849 
 3743 0.493997 
 3744 0.493966 
 3745 0.493849 
 3746 0.493719 
 3747 0.494032 
 3748 0.493991 
 3749 0.493872 
 3750 0.493840 
 3751 0.493997 
 3752 0.494053 
 3753 0.494030 
 3754 0.493923 
 3755 0.493890 
 3756 0.494195 
 3757 0.494334 
 3758 0.494216 
 3759 0.494158 
 3760 0.494279 
 3761 0.494148 
 3762 0.494068 
 3763 0.494152 
 3764 0.494288 
 3765 0.494369 
 3766 0.494633 
 3767 0.494519 
 3768 0.494536 
 3769 0.494406 
 3770 0.494347 
 3771 0.494285 
 3772 0.494154 
 3773 0.494394 
 3774 0.494364 
 3775 0.494603 
 3776 0.494532 
 3777 0.494457 
 3778 0.494326 
 3779 0.494258 
 3780 0.494459 
 3781 0.494761 
 3782 0.494639 
 3783 0.494804 
 3784 0.494896 
 3785 0.494786 
 3786 0.494707 
 3787 0.494634 
 3788 0.494503 
 3789 0.494374 
 3790 0.494419 
 3791 0.494595 
 3792 0.494522 
 3793 0.494504 
 3794 0.494374 
 3795 0.494303 
 3796 0.494184 
 3797 0.494068 
 3798 0.493955 
 3799 0.493842 
 3800 0.493948 
 3801 0.493823 
 3802 0.493793 
 3803 0.493670 
 3804 0.493786 
 3805 0.493684 
 3806 0.493565 
 3807 0.493491 
 3808 0.493454 
 3809 0.493564 
 3810 0.493715 
 3811 0.493782 
 3812 0.493664 
 3813 0.493608 
 3814 0.493759 
 3815 0.493817 
 3816 0.493826 
 3817 0.493709 
 3818 0.493581 
 3819 0.493694 
 3820 0.493587 
 3821 0.493470 
 3822 0.493629 
 3823 0.493571 
 3824 0.493465 
 3825 0.493387 
 3826 0.493259 
 3827 0.493259 
 3828 0.493391 
 3829 0.493267 
 3830 0.493231 
 3831 0.493228 
 3832 0.493132 
 3833 0.493016 
 3834 0.493040 
 3835 0.492913 
 3836 0.492938 
 3837 0.492855 
 3838 0.492941 
 3839 0.492814 
 3840 0.492721 
 3841 0.493007 
 3842 0.492899 
 3843 0.492873 
 3844 0.492839 
 3845 0.492772 
 3846 0.493321 
 3847 0.493508 
 3848 0.493565 
 3849 0.493451 
 3850 0.494098 
 3851 0.493987 
 3852 0.493860 
 3853 0.493777 
 3854 0.493671 
 3855 0.493543 
 3856 0.493416 
 3857 0.493381 
 3858 0.493472 
 3859 0.493407 
 3860 0.493279 
 3861 0.493396 
 3862 0.493734 
 3863 0.493608 
 3864 0.493576 
 3865 0.494038 
 3866 0.493925 
 3867 0.494023 
 3868 0.493940 
 3869 0.493950 
 3870 0.493852 
 3871 0.493880 
 3872 0.493825 
 3873 0.493764 
 3874 0.493640 
 3875 0.493550 
 3876 0.493469 
 3877 0.493357 
 3878 0.493463 
 3879 0.493409 
 3880 0.493863 
 3881 0.493961 
 3882 0.493947 
 3883 0.493933 
 3884 0.493960 
 3885 0.493885 
 3886 0.493778 
 3887 0.493687 
 3888 0.493565 
 3889 0.493463 
 3890 0.493382 
 3891 0.493601 
 3892 0.493526 
 3893 0.493576 
 3894 0.493460 
 3895 0.493547 
 3896 0.493439 
 3897 0.493325 
 3898 0.493211 
 3899 0.493312 
 3900 0.493543 
 3901 0.493519 
 3902 0.493660 
 3903 0.493704 
 3904 0.493591 
 3905 0.493565 
 3906 0.493445 
 3907 0.493319 
 3908 0.493275 
 3909 0.493558 
 3910 0.493459 
 3911 0.493532 
 3912 0.493511 
 3913 0.493431 
 3914 0.493306 
 3915 0.493184 
 3916 0.493083 
 3917 0.492992 
 3918 0.492967 
 3919 0.492845 
 3920 0.492919 
 3921 0.492795 
 3922 0.492679 
 3923 0.492562 
 3924 0.492604 
 3925 0.492783 
 3926 0.492657 
 3927 0.492717 
 3928 0.492661 
 3929 0.492560 
 3930 0.492696 
 3931 0.492630 
 3932 0.492861 
 3933 0.492838 
 3934 0.492717 
 3935 0.492597 
 3936 0.492475 
 3937 0.492584 
 3938 0.492492 
 3939 0.492454 
 3940 0.492331 
 3941 0.492921 
 3942 0.492863 
 3943 0.492785 
 3944 0.492909 
 3945 0.492980 
 3946 0.493303 
 3947 0.493190 
 3948 0.493234 
 3949 0.493234 
 3950 0.493109 
 3951 0.493116 
 3952 0.492998 
 3953 0.492904 
 3954 0.492987 
 3955 0.493011 
 3956 0.493258 
 3957 0.493227 
 3958 0.493489 
 3959 0.494044 
 3960 0.493930 
 3961 0.494056 
 3962 0.494429 
 3963 0.494305 
 3964 0.494490 
 3965 0.494423 
 3966 0.494461 
 3967 0.494340 
 3968 0.494265 
 3969 0.494171 
 3970 0.494109 
 3971 0.493992 
 3972 0.493869 
 3973 0.493753 
 3974 0.493644 
 3975 0.493657 
 3976 0.493629 
 3977 0.493670 
 3978 0.493982 
 3979 0.493997 
 3980 0.493944 
 3981 0.493890 
 3982 0.493769 
 3983 0.493685 
 3984 0.493774 
 3985 0.493912 
 3986 0.493838 
 3987 0.493970 
 3988 0.493965 
 3989 0.494138 
 3990 0.494017 
 3991 0.494147 
 3992 0.494028 
 3993 0.493926 
 3994 0.493862 
 3995 0.494026 
 3996 0.494104 
 3997 0.494010 
 3998 0.493942 
 3999 0.494256 
 