1 0.000000 
 2 0.000000 
 3 0.000000 
 4 0.000000 
 5 0.000000 
 6 0.000000 
 7 0.000000 
 8 0.000000 
 9 0.000000 
 10 0.000000 
 11 0.000000 
 12 0.000000 
 13 0.000000 
 14 0.000000 
 15 0.000000 
 16 0.000000 
 17 0.000000 
 18 0.000000 
 19 0.000000 
 20 0.000000 
 21 0.000000 
 22 0.000000 
 23 0.000000 
 24 0.000000 
 25 0.000000 
 26 0.000000 
 27 0.000000 
 28 0.000000 
 29 0.000000 
 30 0.000000 
 31 0.000000 
 32 0.000000 
 33 0.000000 
 34 0.000000 
 35 0.000000 
 36 0.000048 
 37 0.001678 
 38 0.026640 
 39 0.037899 
 40 0.037048 
 41 0.036877 
 42 0.054073 
 43 0.053737 
 44 0.057322 
 45 0.064910 
 46 0.081005 
 47 0.083023 
 48 0.086685 
 49 0.099474 
 50 0.109729 
 51 0.120820 
 52 0.122038 
 53 0.120994 
 54 0.125566 
 55 0.123285 
 56 0.129815 
 57 0.128180 
 58 0.127208 
 59 0.125709 
 60 0.134141 
 61 0.140017 
 62 0.138800 
 63 0.141649 
 64 0.139739 
 65 0.137821 
 66 0.158397 
 67 0.158510 
 68 0.175667 
 69 0.173426 
 70 0.173692 
 71 0.179807 
 72 0.204218 
 73 0.201764 
 74 0.218421 
 75 0.220758 
 76 0.217854 
 77 0.221433 
 78 0.230504 
 79 0.228278 
 80 0.226033 
 81 0.229173 
 82 0.236591 
 83 0.242812 
 84 0.240217 
 85 0.237635 
 86 0.235824 
 87 0.235534 
 88 0.236254 
 89 0.236438 
 90 0.235289 
 91 0.251450 
 92 0.252007 
 93 0.249324 
 94 0.251173 
 95 0.250454 
 96 0.249035 
 97 0.249077 
 98 0.246550 
 99 0.244578 
 100 0.247137 
 101 0.258504 
 102 0.256139 
 103 0.255666 
 104 0.253307 
 105 0.254797 
 106 0.265166 
 107 0.264000 
 108 0.262448 
 109 0.260254 
 110 0.258031 
 111 0.255707 
 112 0.260022 
 113 0.259173 
 114 0.263508 
 115 0.261452 
 116 0.268162 
 117 0.269993 
 118 0.271792 
 119 0.274713 
 120 0.272790 
 121 0.271807 
 122 0.270203 
 123 0.268929 
 124 0.266768 
 125 0.271872 
 126 0.269866 
 127 0.269628 
 128 0.274276 
 129 0.272706 
 130 0.270717 
 131 0.278646 
 132 0.280337 
 133 0.297529 
 134 0.295309 
 135 0.299677 
 136 0.298326 
 137 0.296354 
 138 0.295754 
 139 0.296853 
 140 0.294745 
 141 0.292981 
 142 0.291297 
 143 0.289260 
 144 0.287706 
 145 0.286928 
 146 0.287059 
 147 0.298521 
 148 0.298195 
 149 0.296342 
 150 0.295622 
 151 0.294403 
 152 0.293185 
 153 0.300088 
 154 0.302276 
 155 0.300637 
 156 0.300331 
 157 0.299729 
 158 0.323360 
 159 0.347206 
 160 0.346932 
 161 0.344838 
 162 0.343283 
 163 0.341553 
 164 0.350752 
 165 0.348954 
 166 0.347978 
 167 0.347607 
 168 0.348599 
 169 0.346591 
 170 0.345446 
 171 0.343462 
 172 0.341670 
 173 0.339837 
 174 0.337976 
 175 0.336412 
 176 0.334687 
 177 0.332860 
 178 0.333400 
 179 0.333095 
 180 0.335652 
 181 0.338629 
 182 0.336964 
 183 0.335589 
 184 0.333777 
 185 0.335169 
 186 0.333881 
 187 0.333319 
 188 0.332662 
 189 0.332118 
 190 0.333283 
 191 0.340643 
 192 0.344616 
 193 0.343312 
 194 0.348463 
 195 0.347067 
 196 0.346127 
 197 0.345804 
 198 0.344919 
 199 0.343248 
 200 0.341812 
 201 0.343034 
 202 0.360341 
 203 0.360241 
 204 0.359100 
 205 0.362894 
 206 0.362691 
 207 0.361598 
 208 0.359953 
 209 0.366932 
 210 0.365333 
 211 0.364279 
 212 0.363640 
 213 0.366183 
 214 0.364724 
 215 0.363881 
 216 0.365633 
 217 0.364232 
 218 0.365921 
 219 0.364265 
 220 0.365531 
 221 0.367512 
 222 0.365976 
 223 0.365828 
 224 0.368356 
 225 0.368349 
 226 0.366789 
 227 0.365368 
 228 0.366179 
 229 0.365357 
 230 0.373819 
 231 0.379308 
 232 0.377715 
 233 0.381899 
 234 0.380462 
 235 0.378858 
 236 0.377393 
 237 0.375844 
 238 0.395776 
 239 0.395904 
 240 0.394266 
 241 0.392737 
 242 0.391255 
 243 0.390599 
 244 0.389876 
 245 0.388291 
 246 0.387721 
 247 0.392976 
 248 0.391535 
 249 0.390501 
 250 0.397514 
 251 0.396019 
 252 0.394734 
 253 0.393179 
 254 0.392032 
 255 0.393055 
 256 0.392189 
 257 0.393329 
 258 0.391815 
 259 0.393877 
 260 0.399311 
 261 0.400797 
 262 0.400347 
 263 0.398825 
 264 0.397320 
 265 0.396019 
 266 0.396207 
 267 0.394839 
 268 0.393400 
 269 0.392094 
 270 0.391304 
 271 0.390064 
 272 0.388846 
 273 0.388783 
 274 0.387372 
 275 0.387383 
 276 0.388593 
 277 0.387500 
 278 0.387461 
 279 0.386190 
 280 0.388931 
 281 0.387785 
 282 0.388488 
 283 0.387673 
 284 0.389357 
 285 0.392321 
 286 0.390952 
 287 0.389730 
 288 0.397022 
 289 0.396288 
 290 0.395008 
 291 0.394236 
 292 0.393589 
 293 0.395637 
 294 0.402631 
 295 0.401283 
 296 0.402259 
 297 0.400996 
 298 0.400380 
 299 0.400923 
 300 0.399669 
 301 0.399353 
 302 0.399531 
 303 0.399483 
 304 0.402018 
 305 0.401989 
 306 0.400871 
 307 0.400226 
 308 0.403804 
 309 0.402977 
 310 0.401892 
 311 0.400869 
 312 0.401052 
 313 0.406040 
 314 0.405056 
 315 0.406717 
 316 0.407611 
 317 0.406888 
 318 0.405613 
 319 0.404365 
 320 0.404012 
 321 0.406664 
 322 0.406035 
 323 0.405265 
 324 0.405636 
 325 0.404399 
 326 0.403158 
 327 0.402041 
 328 0.401935 
 329 0.401999 
 330 0.401764 
 331 0.401030 
 332 0.401589 
 333 0.400385 
 334 0.400943 
 335 0.400699 
 336 0.399525 
 337 0.398521 
 338 0.398217 
 339 0.398449 
 340 0.397283 
 341 0.396329 
 342 0.395171 
 343 0.399852 
 344 0.400589 
 345 0.399642 
 346 0.398487 
 347 0.397408 
 348 0.398724 
 349 0.398463 
 350 0.400982 
 351 0.399910 
 352 0.398856 
 353 0.398546 
 354 0.398054 
 355 0.397973 
 356 0.397217 
 357 0.398320 
 358 0.398081 
 359 0.399800 
 360 0.398983 
 361 0.397878 
 362 0.397895 
 363 0.397515 
 364 0.398244 
 365 0.397345 
 366 0.397429 
 367 0.398929 
 368 0.398772 
 369 0.398250 
 370 0.397246 
 371 0.396308 
 372 0.395326 
 373 0.396186 
 374 0.395534 
 375 0.396390 
 376 0.396675 
 377 0.398719 
 378 0.400892 
 379 0.400302 
 380 0.399416 
 381 0.399886 
 382 0.398973 
 383 0.399560 
 384 0.398672 
 385 0.398923 
 386 0.398192 
 387 0.398615 
 388 0.397747 
 389 0.401063 
 390 0.400074 
 391 0.399092 
 392 0.398735 
 393 0.398558 
 394 0.397809 
 395 0.397486 
 396 0.396491 
 397 0.395504 
 398 0.394557 
 399 0.393928 
 400 0.393113 
 401 0.392141 
 402 0.391273 
 403 0.391829 
 404 0.390995 
 405 0.390920 
 406 0.389968 
 407 0.390574 
 408 0.390430 
 409 0.391238 
 410 0.390898 
 411 0.394620 
 412 0.396884 
 413 0.396195 
 414 0.399483 
 415 0.398688 
 416 0.397755 
 417 0.397927 
 418 0.397125 
 419 0.396223 
 420 0.395395 
 421 0.396593 
 422 0.399901 
 423 0.398963 
 424 0.398405 
 425 0.397493 
 426 0.396808 
 427 0.396323 
 428 0.396303 
 429 0.395412 
 430 0.394881 
 431 0.394309 
 432 0.393404 
 433 0.392520 
 434 0.392124 
 435 0.395680 
 436 0.394848 
 437 0.393984 
 438 0.393383 
 439 0.395888 
 440 0.396376 
 441 0.401899 
 442 0.403376 
 443 0.402611 
 444 0.401706 
 445 0.402540 
 446 0.403141 
 447 0.408656 
 448 0.407802 
 449 0.407111 
 450 0.408927 
 451 0.408631 
 452 0.408988 
 453 0.409030 
 454 0.410580 
 455 0.410704 
 456 0.409804 
 457 0.412235 
 458 0.415342 
 459 0.414522 
 460 0.413778 
 461 0.412950 
 462 0.413393 
 463 0.412784 
 464 0.412210 
 465 0.411790 
 466 0.412931 
 467 0.414719 
 468 0.414572 
 469 0.413923 
 470 0.414532 
 471 0.416566 
 472 0.415728 
 473 0.415569 
 474 0.417475 
 475 0.416618 
 476 0.415871 
 477 0.415337 
 478 0.414690 
 479 0.413831 
 480 0.413401 
 481 0.412542 
 482 0.414614 
 483 0.414449 
 484 0.417570 
 485 0.416788 
 486 0.415993 
 487 0.416121 
 488 0.415406 
 489 0.414745 
 490 0.417254 
 491 0.416771 
 492 0.415928 
 493 0.417662 
 494 0.419844 
 495 0.420996 
 496 0.420843 
 497 0.420349 
 498 0.419644 
 499 0.420785 
 500 0.420043 
 501 0.420073 
 502 0.423757 
 503 0.422922 
 504 0.423541 
 505 0.422978 
 506 0.423765 
 507 0.423351 
 508 0.423651 
 509 0.422830 
 510 0.423574 
 511 0.423662 
 512 0.423049 
 513 0.422290 
 514 0.421581 
 515 0.421715 
 516 0.420905 
 517 0.420725 
 518 0.419998 
 519 0.419444 
 520 0.418678 
 521 0.419385 
 522 0.418623 
 523 0.418412 
 524 0.417710 
 525 0.418798 
 526 0.420048 
 527 0.419254 
 528 0.418480 
 529 0.418400 
 530 0.417613 
 531 0.416870 
 532 0.416325 
 533 0.415854 
 534 0.415983 
 535 0.416047 
 536 0.415756 
 537 0.414989 
 538 0.415697 
 539 0.415546 
 540 0.414855 
 541 0.414142 
 542 0.414749 
 543 0.414059 
 544 0.413727 
 545 0.413673 
 546 0.412991 
 547 0.414377 
 548 0.414121 
 549 0.414551 
 550 0.413872 
 551 0.413191 
 552 0.412488 
 553 0.412464 
 554 0.414533 
 555 0.414039 
 556 0.413381 
 557 0.413361 
 558 0.412728 
 559 0.412454 
 560 0.412696 
 561 0.413547 
 562 0.415850 
 563 0.416130 
 564 0.415517 
 565 0.415187 
 566 0.414485 
 567 0.414266 
 568 0.414455 
 569 0.414307 
 570 0.413908 
 571 0.413499 
 572 0.414277 
 573 0.413575 
 574 0.413064 
 575 0.412354 
 576 0.411721 
 577 0.411898 
 578 0.411389 
 579 0.411006 
 580 0.410602 
 581 0.409896 
 582 0.409308 
 583 0.409024 
 584 0.408450 
 585 0.407754 
 586 0.407369 
 587 0.406829 
 588 0.406636 
 589 0.406591 
 590 0.409114 
 591 0.408558 
 592 0.409262 
 593 0.408660 
 594 0.408695 
 595 0.408086 
 596 0.407441 
 597 0.406761 
 598 0.408512 
 599 0.409130 
 600 0.408985 
 601 0.408308 
 602 0.407699 
 603 0.407719 
 604 0.408871 
 605 0.410140 
 606 0.409680 
 607 0.410730 
 608 0.410318 
 609 0.409645 
 610 0.409024 
 611 0.409540 
 612 0.408974 
 613 0.409152 
 614 0.408493 
 615 0.409141 
 616 0.409794 
 617 0.410111 
 618 0.409534 
 619 0.409865 
 620 0.410899 
 621 0.410393 
 622 0.410236 
 623 0.409773 
 624 0.409800 
 625 0.409333 
 626 0.408727 
 627 0.408342 
 628 0.408318 
 629 0.407708 
 630 0.408267 
 631 0.408051 
 632 0.408047 
 633 0.407920 
 634 0.407280 
 635 0.407367 
 636 0.407304 
 637 0.409284 
 638 0.408840 
 639 0.409639 
 640 0.410022 
 641 0.410307 
 642 0.411486 
 643 0.411419 
 644 0.410894 
 645 0.410257 
 646 0.409740 
 647 0.409848 
 648 0.409220 
 649 0.408681 
 650 0.408216 
 651 0.409409 
 652 0.409651 
 653 0.409073 
 654 0.408559 
 655 0.408063 
 656 0.407461 
 657 0.406900 
 658 0.410143 
 659 0.410634 
 660 0.410029 
 661 0.409654 
 662 0.409971 
 663 0.409597 
 664 0.408980 
 665 0.408545 
 666 0.410246 
 667 0.410462 
 668 0.410362 
 669 0.409992 
 670 0.409686 
 671 0.409079 
 672 0.408478 
 673 0.408282 
 674 0.407680 
 675 0.409178 
 676 0.411021 
 677 0.417664 
 678 0.417146 
 679 0.416534 
 680 0.416802 
 681 0.416934 
 682 0.417020 
 683 0.418259 
 684 0.417874 
 685 0.417516 
 686 0.416916 
 687 0.416432 
 688 0.415962 
 689 0.415479 
 690 0.414881 
 691 0.414288 
 692 0.414448 
 693 0.413982 
 694 0.414137 
 695 0.413714 
 696 0.413159 
 697 0.413346 
 698 0.414402 
 699 0.414131 
 700 0.416553 
 701 0.416074 
 702 0.416031 
 703 0.415447 
 704 0.414929 
 705 0.415940 
 706 0.415359 
 707 0.416538 
 708 0.417547 
 709 0.417084 
 710 0.416517 
 711 0.416376 
 712 0.416027 
 713 0.416187 
 714 0.416750 
 715 0.416953 
 716 0.418396 
 717 0.417814 
 718 0.418020 
 719 0.417529 
 720 0.417504 
 721 0.417576 
 722 0.417000 
 723 0.416607 
 724 0.416469 
 725 0.416080 
 726 0.417131 
 727 0.419194 
 728 0.419360 
 729 0.418847 
 730 0.418973 
 731 0.418400 
 732 0.418450 
 733 0.418291 
 734 0.418013 
 735 0.417491 
 736 0.417366 
 737 0.417279 
 738 0.416948 
 739 0.417021 
 740 0.417310 
 741 0.416748 
 742 0.416188 
 743 0.415750 
 744 0.416038 
 745 0.416045 
 746 0.415522 
 747 0.415470 
 748 0.415476 
 749 0.414964 
 750 0.414420 
 751 0.415551 
 752 0.416168 
 753 0.415739 
 754 0.415750 
 755 0.416166 
 756 0.416063 
 757 0.415552 
 758 0.415531 
 759 0.416854 
 760 0.416596 
 761 0.416049 
 762 0.415503 
 763 0.415089 
 764 0.414613 
 765 0.414650 
 766 0.415631 
 767 0.416144 
 768 0.415622 
 769 0.415987 
 770 0.417708 
 771 0.417369 
 772 0.416829 
 773 0.416498 
 774 0.415981 
 775 0.417044 
 776 0.416885 
 777 0.416512 
 778 0.416692 
 779 0.417947 
 780 0.417723 
 781 0.417189 
 782 0.417059 
 783 0.416854 
 784 0.416346 
 785 0.416199 
 786 0.415851 
 787 0.416797 
 788 0.416688 
 789 0.416655 
 790 0.416129 
 791 0.415666 
 792 0.415144 
 793 0.414621 
 794 0.414873 
 795 0.414363 
 796 0.413896 
 797 0.413431 
 798 0.412981 
 799 0.413902 
 800 0.415044 
 801 0.414699 
 802 0.414287 
 803 0.413779 
 804 0.413588 
 805 0.413441 
 806 0.416637 
 807 0.416139 
 808 0.416381 
 809 0.416110 
 810 0.415665 
 811 0.415267 
 812 0.414755 
 813 0.414274 
 814 0.413776 
 815 0.413806 
 816 0.413647 
 817 0.413939 
 818 0.413690 
 819 0.414148 
 820 0.413956 
 821 0.413504 
 822 0.413324 
 823 0.413160 
 824 0.413644 
 825 0.413151 
 826 0.412666 
 827 0.412369 
 828 0.411930 
 829 0.411867 
 830 0.411544 
 831 0.411125 
 832 0.411196 
 833 0.410712 
 834 0.410259 
 835 0.410898 
 836 0.410440 
 837 0.409957 
 838 0.409877 
 839 0.409451 
 840 0.409116 
 841 0.408653 
 842 0.408463 
 843 0.409583 
 844 0.413773 
 845 0.415978 
 846 0.415845 
 847 0.415625 
 848 0.415493 
 849 0.415621 
 850 0.416144 
 851 0.416688 
 852 0.416206 
 853 0.415836 
 854 0.415986 
 855 0.416079 
 856 0.416577 
 857 0.416189 
 858 0.415964 
 859 0.416548 
 860 0.416224 
 861 0.416124 
 862 0.416095 
 863 0.416897 
 864 0.416558 
 865 0.416089 
 866 0.415699 
 867 0.415295 
 868 0.414891 
 869 0.414501 
 870 0.414269 
 871 0.413971 
 872 0.413671 
 873 0.413349 
 874 0.413283 
 875 0.412933 
 876 0.412463 
 877 0.412023 
 878 0.412927 
 879 0.412540 
 880 0.412603 
 881 0.412391 
 882 0.411929 
 883 0.411477 
 884 0.411011 
 885 0.412135 
 886 0.413300 
 887 0.413237 
 888 0.413040 
 889 0.413406 
 890 0.412975 
 891 0.413500 
 892 0.413296 
 893 0.412959 
 894 0.412675 
 895 0.412233 
 896 0.412018 
 897 0.411714 
 898 0.411278 
 899 0.411002 
 900 0.411780 
 901 0.411397 
 902 0.411317 
 903 0.411302 
 904 0.411359 
 905 0.410967 
 906 0.410634 
 907 0.410228 
 908 0.409777 
 909 0.409327 
 910 0.409121 
 911 0.408854 
 912 0.408773 
 913 0.408332 
 914 0.407975 
 915 0.407658 
 916 0.407213 
 917 0.406860 
 918 0.407321 
 919 0.407678 
 920 0.407374 
 921 0.407209 
 922 0.406779 
 923 0.406769 
 924 0.406338 
 925 0.406147 
 926 0.405774 
 927 0.405339 
 928 0.404911 
 929 0.404702 
 930 0.404294 
 931 0.404215 
 932 0.403798 
 933 0.403594 
 934 0.403283 
 935 0.403079 
 936 0.402810 
 937 0.403055 
 938 0.402710 
 939 0.402347 
 940 0.402592 
 941 0.402166 
 942 0.402626 
 943 0.402246 
 944 0.401929 
 945 0.402429 
 946 0.402105 
 947 0.401681 
 948 0.402126 
 949 0.402104 
 950 0.402318 
 951 0.403269 
 952 0.402857 
 953 0.402720 
 954 0.402301 
 955 0.403112 
 956 0.402695 
 957 0.402675 
 958 0.402327 
 959 0.401908 
 960 0.401669 
 961 0.401627 
 962 0.401441 
 963 0.401037 
 964 0.400883 
 965 0.400468 
 966 0.400317 
 967 0.399924 
 968 0.399582 
 969 0.399176 
 970 0.399029 
 971 0.399938 
 972 0.399784 
 973 0.399674 
 974 0.399309 
 975 0.399242 
 976 0.398866 
 977 0.399012 
 978 0.399497 
 979 0.399236 
 980 0.398856 
 981 0.398911 
 982 0.400418 
 983 0.401998 
 984 0.402654 
 985 0.403538 
 986 0.403610 
 987 0.403256 
 988 0.404450 
 989 0.404598 
 990 0.404894 
 991 0.404965 
 992 0.404644 
 993 0.404615 
 994 0.406479 
 995 0.407060 
 996 0.407013 
 997 0.406610 
 998 0.406619 
 999 0.407156 
 