1 0.000000 
 2 0.000000 
 3 0.000000 
 4 0.000000 
 5 0.000000 
 6 0.000000 
 7 0.000000 
 8 0.000000 
 9 0.000000 
 10 0.000000 
 11 0.000000 
 12 0.000000 
 13 0.000000 
 14 0.000000 
 15 0.000000 
 16 0.000000 
 17 0.000000 
 18 0.000000 
 19 0.000000 
 20 0.000000 
 21 0.000000 
 22 0.000000 
 23 0.000000 
 24 0.000000 
 25 0.000000 
 26 0.000000 
 27 0.000000 
 28 0.000000 
 29 0.000000 
 30 0.000000 
 31 0.000000 
 32 0.000000 
 33 0.000000 
 34 0.000000 
 35 0.000000 
 36 0.000000 
 37 0.000000 
 38 0.000000 
 39 0.000000 
 40 0.000000 
 41 0.000000 
 42 0.000000 
 43 0.000000 
 44 0.000000 
 45 0.000000 
 46 0.000000 
 47 0.000000 
 48 0.000177 
 49 0.018369 
 50 0.054084 
 51 0.056346 
 52 0.088494 
 53 0.088591 
 54 0.109094 
 55 0.125072 
 56 0.132812 
 57 0.133441 
 58 0.141047 
 59 0.138826 
 60 0.137038 
 61 0.149779 
 62 0.151309 
 63 0.158538 
 64 0.156670 
 65 0.169815 
 66 0.167466 
 67 0.191212 
 68 0.205336 
 69 0.212510 
 70 0.213160 
 71 0.210374 
 72 0.207463 
 73 0.220312 
 74 0.217338 
 75 0.223250 
 76 0.236613 
 77 0.239102 
 78 0.237600 
 79 0.241153 
 80 0.252407 
 81 0.249367 
 82 0.246538 
 83 0.243618 
 84 0.240901 
 85 0.240581 
 86 0.241547 
 87 0.258779 
 88 0.259088 
 89 0.258087 
 90 0.255576 
 91 0.264969 
 92 0.263010 
 93 0.261038 
 94 0.259483 
 95 0.284971 
 96 0.282048 
 97 0.280290 
 98 0.278990 
 99 0.282277 
 100 0.279832 
 101 0.281361 
 102 0.278671 
 103 0.276084 
 104 0.276461 
 105 0.277052 
 106 0.276604 
 107 0.274244 
 108 0.272345 
 109 0.274888 
 110 0.273053 
 111 0.272683 
 112 0.270702 
 113 0.273698 
 114 0.273509 
 115 0.271309 
 116 0.269966 
 117 0.268049 
 118 0.269374 
 119 0.276740 
 120 0.275844 
 121 0.273862 
 122 0.271798 
 123 0.269696 
 124 0.268251 
 125 0.266125 
 126 0.265115 
 127 0.263563 
 128 0.262573 
 129 0.263656 
 130 0.272484 
 131 0.270638 
 132 0.268983 
 133 0.268454 
 134 0.270364 
 135 0.271331 
 136 0.272626 
 137 0.270840 
 138 0.273874 
 139 0.276449 
 140 0.275455 
 141 0.273955 
 142 0.277237 
 143 0.276601 
 144 0.274936 
 145 0.274524 
 146 0.275036 
 147 0.273607 
 148 0.272802 
 149 0.276754 
 150 0.281422 
 151 0.279677 
 152 0.284137 
 153 0.283835 
 154 0.289678 
 155 0.287889 
 156 0.286362 
 157 0.284581 
 158 0.283052 
 159 0.281495 
 160 0.280248 
 161 0.278790 
 162 0.277302 
 163 0.276877 
 164 0.276190 
 165 0.278889 
 166 0.282730 
 167 0.293373 
 168 0.295112 
 169 0.303772 
 170 0.302121 
 171 0.300716 
 172 0.306107 
 173 0.305127 
 174 0.306565 
 175 0.305556 
 176 0.305488 
 177 0.304640 
 178 0.305652 
 179 0.304039 
 180 0.311847 
 181 0.310691 
 182 0.311586 
 183 0.309916 
 184 0.308872 
 185 0.309586 
 186 0.308122 
 187 0.308138 
 188 0.308520 
 189 0.314538 
 190 0.314009 
 191 0.314581 
 192 0.316973 
 193 0.315796 
 194 0.314858 
 195 0.314230 
 196 0.319365 
 197 0.318560 
 198 0.320646 
 199 0.324011 
 200 0.322571 
 201 0.321148 
 202 0.319597 
 203 0.320571 
 204 0.320060 
 205 0.327745 
 206 0.327814 
 207 0.326866 
 208 0.325729 
 209 0.332029 
 210 0.331555 
 211 0.333929 
 212 0.339377 
 213 0.346827 
 214 0.345631 
 215 0.344165 
 216 0.342572 
 217 0.343517 
 218 0.344966 
 219 0.344405 
 220 0.346701 
 221 0.345304 
 222 0.344495 
 223 0.345075 
 224 0.343541 
 225 0.343231 
 226 0.341729 
 227 0.340227 
 228 0.339476 
 229 0.340050 
 230 0.338591 
 231 0.340941 
 232 0.344934 
 233 0.343456 
 234 0.342113 
 235 0.341977 
 236 0.340734 
 237 0.341052 
 238 0.342009 
 239 0.342713 
 240 0.342831 
 241 0.341517 
 242 0.340428 
 243 0.339035 
 244 0.347217 
 245 0.345800 
 246 0.345741 
 247 0.351731 
 248 0.350808 
 249 0.363206 
 250 0.363591 
 251 0.362142 
 252 0.362561 
 253 0.364728 
 254 0.366068 
 255 0.364881 
 256 0.370824 
 257 0.369558 
 258 0.370825 
 259 0.370352 
 260 0.369066 
 261 0.367702 
 262 0.369921 
 263 0.369555 
 264 0.368168 
 265 0.366786 
 266 0.365952 
 267 0.364809 
 268 0.365316 
 269 0.363960 
 270 0.362617 
 271 0.361543 
 272 0.360242 
 273 0.359865 
 274 0.362730 
 275 0.362197 
 276 0.360898 
 277 0.359752 
 278 0.364704 
 279 0.364016 
 280 0.366554 
 281 0.365755 
 282 0.364491 
 283 0.363454 
 284 0.362174 
 285 0.363819 
 286 0.368248 
 287 0.367126 
 288 0.366231 
 289 0.365662 
 290 0.366089 
 291 0.365721 
 292 0.364482 
 293 0.363526 
 294 0.370200 
 295 0.369131 
 296 0.371234 
 297 0.370027 
 298 0.369677 
 299 0.373028 
 300 0.372011 
 301 0.371359 
 302 0.371190 
 303 0.370010 
 304 0.369396 
 305 0.370542 
 306 0.369383 
 307 0.368221 
 308 0.367597 
 309 0.366413 
 310 0.367506 
 311 0.367289 
 312 0.366183 
 313 0.368235 
 314 0.368094 
 315 0.370029 
 316 0.373048 
 317 0.371880 
 318 0.371573 
 319 0.372117 
 320 0.371246 
 321 0.371461 
 322 0.377300 
 323 0.376452 
 324 0.378041 
 325 0.378114 
 326 0.376954 
 327 0.376108 
 328 0.382236 
 329 0.381083 
 330 0.380129 
 331 0.379083 
 332 0.378209 
 333 0.377578 
 334 0.384587 
 335 0.387043 
 336 0.393119 
 337 0.392324 
 338 0.391383 
 339 0.390949 
 340 0.390095 
 341 0.390671 
 342 0.389569 
 343 0.388670 
 344 0.388111 
 345 0.393524 
 346 0.393977 
 347 0.395504 
 348 0.395977 
 349 0.394917 
 350 0.393883 
 351 0.395268 
 352 0.394438 
 353 0.393677 
 354 0.393700 
 355 0.403400 
 356 0.407194 
 357 0.406059 
 358 0.405281 
 359 0.404394 
 360 0.404222 
 361 0.405642 
 362 0.404629 
 363 0.403831 
 364 0.402733 
 365 0.401691 
 366 0.405079 
 367 0.404489 
 368 0.407329 
 369 0.406261 
 370 0.406264 
 371 0.405209 
 372 0.404265 
 373 0.403302 
 374 0.404042 
 375 0.403993 
 376 0.405777 
 377 0.404842 
 378 0.403888 
 379 0.403524 
 380 0.402770 
 381 0.402280 
 382 0.401326 
 383 0.403610 
 384 0.402638 
 385 0.402107 
 386 0.401091 
 387 0.403618 
 388 0.402583 
 389 0.402744 
 390 0.403091 
 391 0.402529 
 392 0.401524 
 393 0.400811 
 394 0.399979 
 395 0.399005 
 396 0.398244 
 397 0.397974 
 398 0.397766 
 399 0.396802 
 400 0.401224 
 401 0.401257 
 402 0.401026 
 403 0.400048 
 404 0.399960 
 405 0.398973 
 406 0.402096 
 407 0.401816 
 408 0.401729 
 409 0.401222 
 410 0.405173 
 411 0.404519 
 412 0.404236 
 413 0.403442 
 414 0.405932 
 415 0.406525 
 416 0.406283 
 417 0.405428 
 418 0.404477 
 419 0.406617 
 420 0.406802 
 421 0.407608 
 422 0.408008 
 423 0.407793 
 424 0.407271 
 425 0.406628 
 426 0.405936 
 427 0.407076 
 428 0.411782 
 429 0.412628 
 430 0.414355 
 431 0.413438 
 432 0.412532 
 433 0.415102 
 434 0.414148 
 435 0.415229 
 436 0.414969 
 437 0.415931 
 438 0.415504 
 439 0.414732 
 440 0.414010 
 441 0.416205 
 442 0.415273 
 443 0.419536 
 444 0.420778 
 445 0.421451 
 446 0.424528 
 447 0.423686 
 448 0.423585 
 449 0.425585 
 450 0.425263 
 451 0.424968 
 452 0.424077 
 453 0.423490 
 454 0.424648 
 455 0.423753 
 456 0.423335 
 457 0.424804 
 458 0.424534 
 459 0.423722 
 460 0.423699 
 461 0.422784 
 462 0.421886 
 463 0.423886 
 464 0.422989 
 465 0.422360 
 466 0.421479 
 467 0.420607 
 468 0.421826 
 469 0.422304 
 470 0.421485 
 471 0.420765 
 472 0.420058 
 473 0.419460 
 474 0.422709 
 475 0.421853 
 476 0.420981 
 477 0.421915 
 478 0.423402 
 479 0.422520 
 480 0.431309 
 481 0.431053 
 482 0.431383 
 483 0.433057 
 484 0.435075 
 485 0.436409 
 486 0.439650 
 487 0.440038 
 488 0.439306 
 489 0.438577 
 490 0.438029 
 491 0.438776 
 492 0.438217 
 493 0.438074 
 494 0.437235 
 495 0.438540 
 496 0.439786 
 497 0.439094 
 498 0.438336 
 499 0.437472 
 500 0.437877 
 501 0.437038 
 502 0.436218 
 503 0.435836 
 504 0.434985 
 505 0.434636 
 506 0.433919 
 507 0.433121 
 508 0.433999 
 509 0.434624 
 510 0.435051 
 511 0.434204 
 512 0.433387 
 513 0.434323 
 514 0.433611 
 515 0.438396 
 516 0.438187 
 517 0.437423 
 518 0.437273 
 519 0.437258 
 520 0.436530 
 521 0.437816 
 522 0.437031 
 523 0.436203 
 524 0.435509 
 525 0.435183 
 526 0.434494 
 527 0.433835 
 528 0.433016 
 529 0.434744 
 530 0.434197 
 531 0.433434 
 532 0.434007 
 533 0.433647 
 534 0.433530 
 535 0.435019 
 536 0.434628 
 537 0.436611 
 538 0.436115 
 539 0.436920 
 540 0.436652 
 541 0.435931 
 542 0.435298 
 543 0.435818 
 544 0.435559 
 545 0.435151 
 546 0.437803 
 547 0.437221 
 548 0.436574 
 549 0.437024 
 550 0.437693 
 551 0.436903 
 552 0.436507 
 553 0.436071 
 554 0.435404 
 555 0.437901 
 556 0.437501 
 557 0.438279 
 558 0.437765 
 559 0.436986 
 560 0.436219 
 561 0.437982 
 562 0.437328 
 563 0.437250 
 564 0.438714 
 565 0.438367 
 566 0.442199 
 567 0.441450 
 568 0.441649 
 569 0.441041 
 570 0.440267 
 571 0.439666 
 572 0.439040 
 573 0.442282 
 574 0.441575 
 575 0.440834 
 576 0.440375 
 577 0.441480 
 578 0.440717 
 579 0.440815 
 580 0.440151 
 581 0.440794 
 582 0.440054 
 583 0.439586 
 584 0.440054 
 585 0.439320 
 586 0.443622 
 587 0.442866 
 588 0.442430 
 589 0.441999 
 590 0.441365 
 591 0.440654 
 592 0.439920 
 593 0.439190 
 594 0.438514 
 595 0.437782 
 596 0.437367 
 597 0.437274 
 598 0.438103 
 599 0.437638 
 600 0.439332 
 601 0.439798 
 602 0.439107 
 603 0.438594 
 604 0.438230 
 605 0.437584 
 606 0.436926 
 607 0.436232 
 608 0.437524 
 609 0.438384 
 610 0.437740 
 611 0.438327 
 612 0.438859 
 613 0.439988 
 614 0.440407 
 615 0.439822 
 616 0.439425 
 617 0.438844 
 618 0.438224 
 619 0.437732 
 620 0.437043 
 621 0.437067 
 622 0.436702 
 623 0.436290 
 624 0.437926 
 625 0.438044 
 626 0.437612 
 627 0.438092 
 628 0.437456 
 629 0.436987 
 630 0.436293 
 631 0.437385 
 632 0.437801 
 633 0.437666 
 634 0.437531 
 635 0.436929 
 636 0.436584 
 637 0.436099 
 638 0.436081 
 639 0.435608 
 640 0.434928 
 641 0.434414 
 642 0.434977 
 643 0.434992 
 644 0.434348 
 645 0.433780 
 646 0.433195 
 647 0.433994 
 648 0.435392 
 649 0.436299 
 650 0.437839 
 651 0.437216 
 652 0.437399 
 653 0.437292 
 654 0.436658 
 655 0.436601 
 656 0.436752 
 657 0.437278 
 658 0.437680 
 659 0.437214 
 660 0.436588 
 661 0.435999 
 662 0.435470 
 663 0.435710 
 664 0.438537 
 665 0.439457 
 666 0.439957 
 667 0.439482 
 668 0.438898 
 669 0.438489 
 670 0.437835 
 671 0.439867 
 672 0.442729 
 673 0.442158 
 674 0.443902 
 675 0.443671 
 676 0.443308 
 677 0.443366 
 678 0.442751 
 679 0.442647 
 680 0.442120 
 681 0.441588 
 682 0.441189 
 683 0.440576 
 684 0.440674 
 685 0.440923 
 686 0.440688 
 687 0.440624 
 688 0.440647 
 689 0.440045 
 690 0.439647 
 691 0.439161 
 692 0.438612 
 693 0.438640 
 694 0.438064 
 695 0.439494 
 696 0.439622 
 697 0.439704 
 698 0.439256 
 699 0.439936 
 700 0.439462 
 701 0.438837 
 702 0.438235 
 703 0.437643 
 704 0.437040 
 705 0.436509 
 706 0.436541 
 707 0.438069 
 708 0.437557 
 709 0.439418 
 710 0.439125 
 711 0.438727 
 712 0.438141 
 713 0.437638 
 714 0.437061 
 715 0.437091 
 716 0.436747 
 717 0.436705 
 718 0.436102 
 719 0.435720 
 720 0.435509 
 721 0.435054 
 722 0.435827 
 723 0.435831 
 724 0.435233 
 725 0.435184 
 726 0.435044 
 727 0.434452 
 728 0.433916 
 729 0.433321 
 730 0.433684 
 731 0.433207 
 732 0.433435 
 733 0.432844 
 734 0.432349 
 735 0.432838 
 736 0.432892 
 737 0.434284 
 738 0.435419 
 739 0.435820 
 740 0.435744 
 741 0.435837 
 742 0.435610 
 743 0.435115 
 744 0.434557 
 745 0.437599 
 746 0.437034 
 747 0.436590 
 748 0.436055 
 749 0.435497 
 750 0.438364 
 751 0.438590 
 752 0.438604 
 753 0.438260 
 754 0.437679 
 755 0.437335 
 756 0.437191 
 757 0.437329 
 758 0.436757 
 759 0.436595 
 760 0.436028 
 761 0.435998 
 762 0.435740 
 763 0.435175 
 764 0.434711 
 765 0.435617 
 766 0.435074 
 767 0.434533 
 768 0.434209 
 769 0.433689 
 770 0.433268 
 771 0.433002 
 772 0.432477 
 773 0.432482 
 774 0.432440 
 775 0.433830 
 776 0.434051 
 777 0.433643 
 778 0.433666 
 779 0.433312 
 780 0.433777 
 781 0.434335 
 782 0.434044 
 783 0.433578 
 784 0.433025 
 785 0.433584 
 786 0.433690 
 787 0.433257 
 788 0.433018 
 789 0.432472 
 790 0.432468 
 791 0.432297 
 792 0.431801 
 793 0.431308 
 794 0.431858 
 795 0.431321 
 796 0.433183 
 797 0.432821 
 798 0.432654 
 799 0.432313 
 800 0.432415 
 801 0.431904 
 802 0.431422 
 803 0.434077 
 804 0.434824 
 805 0.434292 
 806 0.433834 
 807 0.434317 
 808 0.436307 
 809 0.435924 
 810 0.437295 
 811 0.438226 
 812 0.437857 
 813 0.437375 
 814 0.437519 
 815 0.437986 
 816 0.437818 
 817 0.437377 
 818 0.437608 
 819 0.438334 
 820 0.437814 
 821 0.437704 
 822 0.437601 
 823 0.437523 
 824 0.437043 
 825 0.437990 
 826 0.437559 
 827 0.438905 
 828 0.438759 
 829 0.440382 
 830 0.439863 
 831 0.439374 
 832 0.439217 
 833 0.438784 
 834 0.438258 
 835 0.438328 
 836 0.438554 
 837 0.438093 
 838 0.438248 
 839 0.437878 
 840 0.437776 
 841 0.437632 
 842 0.437331 
 843 0.436816 
 844 0.436738 
 845 0.436232 
 846 0.436081 
 847 0.436085 
 848 0.436063 
 849 0.436060 
 850 0.435853 
 851 0.435941 
 852 0.435738 
 853 0.436043 
 854 0.436672 
 855 0.437125 
 856 0.436852 
 857 0.436574 
 858 0.438018 
 859 0.437687 
 860 0.437424 
 861 0.437279 
 862 0.436839 
 863 0.436394 
 864 0.436183 
 865 0.435868 
 866 0.435438 
 867 0.434974 
 868 0.436573 
 869 0.436226 
 870 0.435764 
 871 0.437256 
 872 0.437024 
 873 0.436569 
 874 0.436390 
 875 0.436607 
 876 0.436765 
 877 0.436339 
 878 0.437880 
 879 0.437412 
 880 0.436936 
 881 0.436544 
 882 0.436052 
 883 0.435582 
 884 0.436886 
 885 0.439191 
 886 0.442510 
 887 0.442119 
 888 0.441623 
 889 0.442078 
 890 0.442269 
 891 0.442495 
 892 0.442060 
 893 0.441631 
 894 0.441277 
 895 0.440809 
 896 0.440390 
 897 0.440221 
 898 0.439891 
 899 0.439667 
 900 0.439198 
 901 0.440205 
 902 0.439888 
 903 0.439460 
 904 0.438988 
 905 0.438506 
 906 0.438436 
 907 0.439065 
 908 0.438628 
 909 0.438362 
 910 0.438378 
 911 0.437954 
 912 0.439907 
 913 0.439652 
 914 0.439171 
 915 0.438692 
 916 0.438389 
 917 0.438084 
 918 0.438320 
 919 0.438204 
 920 0.437739 
 921 0.437290 
 922 0.436817 
 923 0.437343 
 924 0.437978 
 925 0.438867 
 926 0.439010 
 927 0.438538 
 928 0.438148 
 929 0.438803 
 930 0.438594 
 931 0.438262 
 932 0.438299 
 933 0.437841 
 934 0.437793 
 935 0.439055 
 936 0.438587 
 937 0.438354 
 938 0.437931 
 939 0.438396 
 940 0.438154 
 941 0.437706 
 942 0.437634 
 943 0.439195 
 944 0.438750 
 945 0.438407 
 946 0.437965 
 947 0.437902 
 948 0.437440 
 949 0.437369 
 950 0.436944 
 951 0.436573 
 952 0.436139 
 953 0.438310 
 954 0.437867 
 955 0.437413 
 956 0.437240 
 957 0.436784 
 958 0.436385 
 959 0.436325 
 960 0.436648 
 961 0.436421 
 962 0.435968 
 963 0.435528 
 964 0.435177 
 965 0.436355 
 966 0.436034 
 967 0.436754 
 968 0.439134 
 969 0.438913 
 970 0.438545 
 971 0.438344 
 972 0.438031 
 973 0.438050 
 974 0.437618 
 975 0.438157 
 976 0.437964 
 977 0.437529 
 978 0.437444 
 979 0.437001 
 980 0.436799 
 981 0.436358 
 982 0.436029 
 983 0.436030 
 984 0.437197 
 985 0.437382 
 986 0.436968 
 987 0.436839 
 988 0.436468 
 989 0.436090 
 990 0.436207 
 991 0.435947 
 992 0.435609 
 993 0.435173 
 994 0.436829 
 995 0.436925 
 996 0.436532 
 997 0.436659 
 998 0.437366 
 999 0.436973 
 