1 0.000000 
 2 0.000000 
 3 0.000000 
 4 0.000000 
 5 0.015222 
 6 0.100808 
 7 0.234206 
 8 0.222665 
 9 0.239766 
 10 0.226842 
 11 0.232089 
 12 0.213223 
 13 0.231313 
 14 0.218853 
 15 0.250659 
 16 0.238617 
 17 0.230818 
 18 0.312424 
 19 0.296116 
 20 0.285760 
 21 0.274952 
 22 0.419691 
 23 0.401805 
 24 0.390464 
 25 0.389566 
 26 0.399373 
 27 0.385495 
 28 0.373521 
 29 0.363078 
 30 0.352055 
 31 0.343559 
 32 0.334447 
 33 0.398498 
 34 0.387500 
 35 0.401534 
 36 0.449362 
 37 0.439559 
 38 0.435332 
 39 0.433392 
 40 0.423313 
 41 0.415866 
 42 0.409218 
 43 0.409095 
 44 0.443108 
 45 0.435200 
 46 0.426974 
 47 0.419225 
 48 0.412805 
 49 0.404457 
 50 0.396545 
 51 0.446235 
 52 0.462969 
 53 0.454467 
 54 0.458218 
 55 0.452518 
 56 0.448230 
 57 0.441568 
 58 0.443285 
 59 0.435785 
 60 0.466809 
 61 0.466316 
 62 0.461276 
 63 0.458004 
 64 0.452946 
 65 0.446254 
 66 0.439951 
 67 0.456530 
 68 0.450319 
 69 0.450307 
 70 0.447641 
 71 0.441337 
 72 0.444956 
 73 0.442595 
 74 0.441146 
 75 0.438947 
 76 0.434214 
 77 0.431043 
 78 0.425783 
 79 0.425539 
 80 0.436485 
 81 0.443983 
 82 0.438847 
 83 0.443671 
 84 0.439447 
 85 0.434711 
 86 0.429766 
 87 0.426135 
 88 0.421525 
 89 0.419124 
 90 0.415801 
 91 0.411308 
 92 0.410765 
 93 0.413030 
 94 0.411251 
 95 0.407037 
 96 0.402868 
 97 0.399460 
 98 0.404500 
 99 0.402752 
 100 0.400455 
 101 0.416723 
 102 0.413030 
 103 0.410549 
 104 0.406621 
 105 0.410362 
 106 0.407010 
 107 0.404029 
 108 0.400289 
 109 0.397527 
 110 0.397843 
 111 0.403540 
 112 0.408802 
 113 0.411011 
 114 0.419388 
 115 0.417770 
 116 0.456627 
 117 0.456674 
 118 0.452807 
 119 0.452106 
 120 0.450349 
 121 0.454525 
 122 0.452840 
 123 0.455039 
 124 0.466686 
 125 0.462990 
 126 0.459335 
 127 0.461070 
 128 0.470687 
 129 0.470324 
 130 0.467062 
 131 0.466227 
 132 0.462696 
 133 0.460103 
 134 0.456921 
 135 0.471014 
 136 0.472093 
 137 0.469033 
 138 0.472943 
 139 0.471647 
 140 0.470122 
 141 0.470266 
 142 0.478110 
 143 0.475258 
 144 0.472227 
 145 0.469455 
 146 0.466250 
 147 0.468947 
 148 0.469773 
 149 0.466715 
 150 0.463697 
 151 0.462653 
 152 0.461666 
 153 0.464205 
 154 0.461197 
 155 0.465391 
 156 0.463312 
 157 0.464445 
 158 0.462912 
 159 0.471285 
 160 0.468935 
 161 0.466839 
 162 0.463960 
 163 0.461119 
 164 0.458577 
 165 0.456807 
 166 0.456870 
 167 0.458883 
 168 0.456267 
 169 0.456319 
 170 0.453714 
 171 0.451097 
 172 0.450227 
 173 0.451270 
 174 0.449673 
 175 0.447411 
 176 0.445049 
 177 0.442598 
 178 0.441126 
 179 0.438722 
 180 0.440839 
 181 0.439814 
 182 0.437410 
 183 0.437432 
 184 0.435674 
 185 0.433377 
 186 0.431066 
 187 0.428928 
 188 0.429217 
 189 0.430805 
 190 0.429796 
 191 0.427896 
 192 0.426615 
 193 0.424445 
 194 0.423536 
 195 0.429404 
 196 0.429254 
 197 0.428453 
 198 0.426319 
 199 0.425498 
 200 0.424209 
 201 0.422274 
 202 0.423782 
 203 0.423577 
 204 0.425142 
 205 0.423265 
 206 0.423714 
 207 0.433538 
 208 0.431706 
 209 0.454660 
 210 0.452774 
 211 0.450677 
 212 0.453130 
 213 0.457685 
 214 0.455567 
 215 0.464515 
 216 0.462376 
 217 0.461811 
 218 0.470172 
 219 0.469514 
 220 0.468118 
 221 0.466150 
 222 0.465572 
 223 0.463638 
 224 0.464420 
 225 0.464954 
 226 0.463014 
 227 0.461908 
 228 0.460558 
 229 0.465494 
 230 0.463873 
 231 0.461873 
 232 0.460863 
 233 0.460912 
 234 0.459452 
 235 0.460156 
 236 0.459011 
 237 0.457474 
 238 0.455866 
 239 0.453988 
 240 0.452562 
 241 0.462641 
 242 0.461690 
 243 0.459857 
 244 0.458380 
 245 0.456881 
 246 0.455562 
 247 0.454822 
 248 0.452996 
 249 0.455380 
 250 0.453641 
 251 0.452189 
 252 0.450832 
 253 0.449700 
 254 0.448136 
 255 0.453642 
 256 0.451872 
 257 0.450128 
 258 0.448429 
 259 0.452998 
 260 0.451315 
 261 0.451260 
 262 0.449804 
 263 0.453270 
 264 0.451585 
 265 0.449888 
 266 0.455071 
 267 0.456705 
 268 0.455360 
 269 0.453682 
 270 0.466448 
 271 0.464951 
 272 0.467036 
 273 0.465596 
 274 0.464700 
 275 0.467661 
 276 0.467226 
 277 0.465818 
 278 0.465657 
 279 0.466310 
 280 0.465888 
 281 0.464379 
 282 0.471328 
 283 0.469816 
 284 0.471001 
 285 0.469355 
 286 0.470703 
 287 0.483739 
 288 0.482262 
 289 0.481158 
 290 0.482886 
 291 0.481471 
 292 0.480045 
 293 0.478418 
 294 0.477430 
 295 0.476090 
 296 0.476055 
 297 0.477082 
 298 0.475818 
 299 0.474879 
 300 0.473355 
 301 0.472483 
 302 0.472510 
 303 0.472309 
 304 0.470772 
 305 0.474188 
 306 0.474402 
 307 0.472982 
 308 0.472458 
 309 0.471191 
 310 0.470425 
 311 0.469809 
 312 0.468442 
 313 0.468237 
 314 0.467128 
 315 0.465697 
 316 0.464961 
 317 0.463503 
 318 0.462102 
 319 0.460837 
 320 0.460287 
 321 0.460204 
 322 0.459353 
 323 0.457948 
 324 0.456535 
 325 0.455332 
 326 0.454517 
 327 0.454846 
 328 0.453462 
 329 0.452301 
 330 0.453154 
 331 0.455513 
 332 0.454863 
 333 0.454620 
 334 0.457106 
 335 0.455957 
 336 0.455230 
 337 0.455100 
 338 0.454592 
 339 0.453378 
 340 0.452052 
 341 0.451148 
 342 0.449965 
 343 0.454032 
 344 0.454853 
 345 0.454618 
 346 0.454448 
 347 0.453347 
 348 0.452452 
 349 0.451255 
 350 0.451658 
 351 0.454174 
 352 0.453000 
 353 0.452961 
 354 0.452166 
 355 0.451850 
 356 0.453528 
 357 0.453676 
 358 0.452498 
 359 0.451865 
 360 0.450863 
 361 0.450150 
 362 0.450152 
 363 0.455543 
 364 0.457366 
 365 0.456757 
 366 0.456865 
 367 0.455822 
 368 0.454672 
 369 0.454862 
 370 0.453752 
 371 0.454519 
 372 0.453473 
 373 0.452518 
 374 0.453594 
 375 0.456351 
 376 0.455473 
 377 0.454286 
 378 0.453106 
 379 0.452891 
 380 0.451712 
 381 0.450602 
 382 0.451852 
 383 0.457524 
 384 0.456418 
 385 0.455264 
 386 0.454302 
 387 0.457409 
 388 0.456357 
 389 0.456152 
 390 0.464336 
 391 0.463441 
 392 0.464564 
 393 0.467974 
 394 0.466787 
 395 0.466491 
 396 0.469722 
 397 0.471110 
 398 0.470740 
 399 0.469760 
 400 0.469513 
 401 0.470652 
 402 0.469524 
 403 0.468404 
 404 0.467424 
 405 0.473464 
 406 0.472321 
 407 0.471277 
 408 0.470701 
 409 0.469558 
 410 0.468800 
 411 0.467801 
 412 0.467708 
 413 0.466976 
 414 0.468166 
 415 0.468458 
 416 0.467553 
 417 0.466434 
 418 0.465320 
 419 0.464802 
 420 0.465589 
 421 0.465074 
 422 0.464259 
 423 0.463163 
 424 0.465142 
 425 0.464109 
 426 0.463905 
 427 0.463569 
 428 0.465346 
 429 0.464278 
 430 0.464790 
 431 0.464024 
 432 0.462977 
 433 0.462235 
 434 0.461765 
 435 0.460825 
 436 0.467866 
 437 0.466839 
 438 0.465775 
 439 0.464935 
 440 0.465305 
 441 0.464321 
 442 0.465698 
 443 0.465620 
 444 0.464589 
 445 0.465877 
 446 0.464890 
 447 0.465532 
 448 0.465249 
 449 0.464786 
 450 0.471012 
 451 0.471439 
 452 0.470539 
 453 0.470738 
 454 0.469702 
 455 0.468905 
 456 0.469586 
 457 0.469409 
 458 0.472017 
 459 0.471051 
 460 0.471914 
 461 0.471794 
 462 0.471925 
 463 0.473252 
 464 0.474460 
 465 0.473635 
 466 0.473064 
 467 0.474395 
 468 0.473428 
 469 0.472419 
 470 0.471414 
 471 0.470415 
 472 0.469847 
 473 0.469013 
 474 0.468564 
 475 0.467736 
 476 0.466793 
 477 0.470783 
 478 0.469831 
 479 0.469274 
 480 0.472413 
 481 0.471542 
 482 0.470668 
 483 0.469727 
 484 0.471563 
 485 0.473080 
 486 0.472497 
 487 0.473941 
 488 0.472978 
 489 0.472629 
 490 0.471682 
 491 0.471007 
 492 0.470320 
 493 0.470130 
 494 0.470845 
 495 0.470274 
 496 0.472141 
 497 0.475409 
 498 0.474886 
 499 0.474816 
 500 0.474540 
 501 0.473721 
 502 0.472779 
 503 0.472043 
 504 0.471255 
 505 0.470396 
 506 0.469648 
 507 0.472203 
 508 0.471541 
 509 0.471574 
 510 0.472329 
 511 0.471412 
 512 0.471219 
 513 0.470988 
 514 0.470085 
 515 0.470118 
 516 0.469581 
 517 0.468690 
 518 0.468057 
 519 0.467389 
 520 0.467689 
 521 0.470254 
 522 0.470975 
 523 0.470816 
 524 0.470239 
 525 0.469835 
 526 0.469427 
 527 0.468570 
 528 0.468961 
 529 0.468778 
 530 0.470894 
 531 0.471102 
 532 0.473239 
 533 0.472398 
 534 0.477083 
 535 0.476899 
 536 0.476443 
 537 0.480542 
 538 0.479660 
 539 0.479332 
 540 0.479082 
 541 0.478868 
 542 0.478889 
 543 0.478379 
 544 0.477901 
 545 0.477655 
 546 0.477457 
 547 0.476660 
 548 0.475867 
 549 0.475221 
 550 0.474452 
 551 0.473603 
 552 0.472748 
 553 0.471977 
 554 0.471130 
 555 0.472752 
 556 0.476764 
 557 0.476189 
 558 0.475443 
 559 0.474606 
 560 0.473813 
 561 0.473106 
 562 0.472363 
 563 0.471861 
 564 0.471737 
 565 0.471012 
 566 0.471149 
 567 0.470323 
 568 0.469804 
 569 0.469402 
 570 0.470261 
 571 0.469504 
 572 0.468827 
 573 0.468597 
 574 0.468307 
 575 0.468044 
 576 0.467231 
 577 0.470885 
 578 0.470083 
 579 0.469628 
 580 0.469018 
 581 0.468664 
 582 0.467914 
 583 0.467208 
 584 0.466443 
 585 0.465747 
 586 0.465697 
 587 0.467114 
 588 0.466534 
 589 0.465769 
 590 0.465319 
 591 0.465939 
 592 0.465268 
 593 0.464621 
 594 0.464009 
 595 0.463231 
 596 0.462455 
 597 0.462232 
 598 0.461847 
 599 0.461105 
 600 0.463104 
 601 0.462735 
 602 0.461997 
 603 0.462520 
 604 0.462003 
 605 0.461396 
 606 0.460705 
 607 0.460341 
 608 0.461114 
 609 0.460933 
 610 0.460190 
 611 0.459859 
 612 0.459178 
 613 0.458434 
 614 0.457950 
 615 0.460793 
 616 0.461122 
 617 0.460477 
 618 0.460526 
 619 0.462713 
 620 0.463251 
 621 0.463760 
 622 0.464054 
 623 0.466228 
 624 0.468249 
 625 0.467878 
 626 0.467410 
 627 0.466668 
 628 0.466466 
 629 0.466228 
 630 0.465544 
 631 0.465079 
 632 0.464361 
 633 0.463699 
 634 0.463039 
 635 0.462351 
 636 0.461842 
 637 0.461119 
 638 0.461120 
 639 0.463359 
 640 0.463848 
 641 0.465556 
 642 0.464858 
 643 0.464158 
 644 0.465226 
 645 0.464517 
 646 0.463984 
 647 0.463300 
 648 0.463242 
 649 0.463261 
 650 0.462944 
 651 0.462859 
 652 0.462149 
 653 0.461734 
 654 0.462675 
 655 0.461973 
 656 0.461829 
 657 0.462504 
 658 0.463358 
 659 0.462701 
 660 0.462036 
 661 0.461447 
 662 0.461130 
 663 0.461212 
 664 0.460697 
 665 0.460252 
 666 0.459680 
 667 0.459667 
 668 0.461495 
 669 0.461254 
 670 0.460902 
 671 0.460216 
 672 0.460081 
 673 0.459851 
 674 0.460412 
 675 0.460351 
 676 0.459746 
 677 0.459070 
 678 0.458940 
 679 0.458731 
 680 0.458942 
 681 0.458294 
 682 0.457638 
 683 0.457969 
 684 0.457383 
 685 0.456807 
 686 0.456289 
 687 0.456218 
 688 0.455576 
 689 0.454966 
 690 0.454454 
 691 0.454241 
 692 0.453588 
 693 0.453646 
 694 0.453125 
 695 0.452892 
 696 0.452443 
 697 0.452808 
 698 0.452168 
 699 0.451543 
 700 0.451358 
 701 0.450859 
 702 0.450248 
 703 0.449608 
 704 0.449048 
 705 0.448672 
 706 0.448298 
 707 0.448718 
 708 0.448089 
 709 0.448984 
 710 0.450186 
 711 0.449798 
 712 0.449326 
 713 0.449269 
 714 0.448650 
 715 0.448023 
 716 0.447405 
 717 0.448954 
 718 0.448359 
 719 0.447958 
 720 0.448283 
 721 0.448489 
 722 0.447908 
 723 0.447870 
 724 0.447648 
 725 0.447042 
 726 0.446614 
 727 0.446856 
 728 0.446374 
 729 0.445879 
 730 0.446122 
 731 0.445990 
 732 0.446457 
 733 0.447843 
 734 0.450037 
 735 0.449572 
 736 0.451876 
 737 0.451437 
 738 0.452147 
 739 0.453332 
 740 0.452822 
 741 0.452840 
 742 0.452245 
 743 0.451776 
 744 0.451172 
 745 0.450686 
 746 0.451144 
 747 0.451165 
 748 0.450869 
 749 0.451240 
 750 0.451673 
 751 0.452472 
 752 0.452503 
 753 0.451927 
 754 0.451395 
 755 0.452306 
 756 0.452371 
 757 0.451811 
 758 0.452074 
 759 0.451606 
 760 0.451846 
 761 0.451514 
 762 0.451879 
 763 0.451444 
 764 0.451030 
 765 0.450728 
 766 0.450586 
 767 0.450382 
 768 0.450345 
 769 0.449833 
 770 0.449261 
 771 0.450773 
 772 0.450643 
 773 0.450771 
 774 0.450451 
 775 0.451312 
 776 0.450732 
 777 0.451069 
 778 0.451352 
 779 0.451726 
 780 0.451428 
 781 0.452002 
 782 0.451577 
 783 0.451307 
 784 0.452937 
 785 0.453689 
 786 0.453450 
 787 0.453297 
 788 0.452749 
 789 0.452187 
 790 0.454017 
 791 0.454529 
 792 0.455682 
 793 0.455869 
 794 0.455354 
 795 0.455877 
 796 0.456260 
 797 0.457308 
 798 0.456747 
 799 0.456548 
 800 0.456452 
 801 0.456041 
 802 0.457228 
 803 0.456889 
 804 0.456480 
 805 0.457332 
 806 0.456804 
 807 0.457380 
 808 0.457276 
 809 0.457766 
 810 0.459433 
 811 0.460739 
 812 0.461621 
 813 0.464366 
 814 0.463851 
 815 0.463320 
 816 0.463142 
 817 0.462577 
 818 0.462122 
 819 0.462129 
 820 0.461762 
 821 0.462171 
 822 0.462692 
 823 0.462377 
 824 0.462647 
 825 0.462175 
 826 0.461663 
 827 0.462313 
 828 0.462866 
 829 0.463473 
 830 0.462940 
 831 0.463042 
 832 0.462561 
 833 0.462995 
 834 0.463090 
 835 0.463434 
 836 0.463518 
 837 0.462967 
 838 0.462451 
 839 0.461900 
 840 0.461403 
 841 0.460924 
 842 0.460448 
 843 0.460546 
 844 0.460031 
 845 0.459633 
 846 0.459134 
 847 0.462090 
 848 0.462048 
 849 0.461600 
 850 0.461936 
 851 0.462389 
 852 0.462663 
 853 0.462223 
 854 0.462439 
 855 0.461950 
 856 0.464711 
 857 0.466380 
 858 0.467287 
 859 0.468601 
 860 0.468464 
 861 0.468010 
 862 0.467587 
 863 0.467170 
 864 0.466630 
 865 0.467148 
 866 0.468068 
 867 0.467543 
 868 0.467063 
 869 0.466923 
 870 0.466984 
 871 0.466684 
 872 0.466188 
 873 0.466892 
 874 0.466588 
 875 0.466055 
 876 0.465725 
 877 0.465230 
 878 0.465826 
 879 0.465328 
 880 0.464956 
 881 0.465240 
 882 0.464857 
 883 0.464353 
 884 0.463930 
 885 0.464147 
 886 0.463909 
 887 0.463414 
 888 0.463991 
 889 0.463676 
 890 0.463204 
 891 0.462720 
 892 0.463377 
 893 0.462908 
 894 0.462895 
 895 0.462576 
 896 0.462183 
 897 0.462292 
 898 0.465109 
 899 0.464853 
 900 0.464417 
 901 0.463951 
 902 0.463654 
 903 0.463142 
 904 0.464107 
 905 0.463767 
 906 0.463832 
 907 0.464021 
 908 0.463579 
 909 0.463915 
 910 0.463446 
 911 0.464652 
 912 0.464142 
 913 0.463787 
 914 0.463496 
 915 0.464043 
 916 0.467916 
 917 0.469504 
 918 0.469004 
 919 0.468543 
 920 0.468110 
 921 0.467749 
 922 0.469252 
 923 0.468828 
 924 0.468889 
 925 0.468511 
 926 0.468620 
 927 0.468505 
 928 0.468066 
 929 0.467562 
 930 0.467749 
 931 0.467247 
 932 0.466891 
 933 0.470130 
 934 0.469761 
 935 0.469259 
 936 0.468857 
 937 0.472246 
 938 0.472691 
 939 0.472494 
 940 0.472094 
 941 0.471914 
 942 0.471765 
 943 0.471456 
 944 0.471570 
 945 0.471871 
 946 0.471391 
 947 0.470904 
 948 0.470453 
 949 0.469974 
 950 0.469649 
 951 0.469293 
 952 0.468921 
 953 0.468431 
 954 0.468174 
 955 0.467782 
 956 0.467293 
 957 0.466819 
 958 0.466801 
 959 0.466625 
 960 0.467104 
 961 0.466726 
 962 0.466499 
 963 0.466822 
 964 0.466403 
 965 0.466752 
 966 0.467213 
 967 0.467116 
 968 0.467202 
 969 0.466883 
 970 0.466627 
 971 0.466954 
 972 0.466821 
 973 0.466358 
 974 0.465908 
 975 0.466216 
 976 0.465739 
 977 0.465434 
 978 0.464997 
 979 0.464527 
 980 0.466195 
 981 0.466469 
 982 0.466696 
 983 0.466229 
 984 0.466636 
 985 0.466180 
 986 0.466076 
 987 0.467867 
 988 0.468417 
 989 0.467948 
 990 0.468300 
 991 0.469192 
 992 0.468894 
 993 0.468432 
 994 0.467962 
 995 0.469400 
 996 0.469589 
 997 0.469141 
 998 0.468686 
 999 0.469099 
 