1 0.000000 
 2 0.000000 
 3 0.000000 
 4 0.000000 
 5 0.044903 
 6 0.080772 
 7 0.087180 
 8 0.350582 
 9 0.319522 
 10 0.321650 
 11 0.425449 
 12 0.409881 
 13 0.410025 
 14 0.395914 
 15 0.435964 
 16 0.412984 
 17 0.392363 
 18 0.384919 
 19 0.421887 
 20 0.419234 
 21 0.404605 
 22 0.397928 
 23 0.404701 
 24 0.397051 
 25 0.412368 
 26 0.418278 
 27 0.405138 
 28 0.406734 
 29 0.416530 
 30 0.402654 
 31 0.443465 
 32 0.431521 
 33 0.453314 
 34 0.446506 
 35 0.459068 
 36 0.446835 
 37 0.435101 
 38 0.440894 
 39 0.437703 
 40 0.427079 
 41 0.417812 
 42 0.501262 
 43 0.489957 
 44 0.481367 
 45 0.470710 
 46 0.461069 
 47 0.452249 
 48 0.520067 
 49 0.569036 
 50 0.588709 
 51 0.579794 
 52 0.568936 
 53 0.562472 
 54 0.552235 
 55 0.544637 
 56 0.538677 
 57 0.533325 
 58 0.555308 
 59 0.546078 
 60 0.537038 
 61 0.529021 
 62 0.539716 
 63 0.537205 
 64 0.541158 
 65 0.542714 
 66 0.536290 
 67 0.538777 
 68 0.535115 
 69 0.528984 
 70 0.521694 
 71 0.519475 
 72 0.513970 
 73 0.508628 
 74 0.506809 
 75 0.500065 
 76 0.504564 
 77 0.498048 
 78 0.498644 
 79 0.496739 
 80 0.510099 
 81 0.514609 
 82 0.508869 
 83 0.514837 
 84 0.528972 
 85 0.526301 
 86 0.521618 
 87 0.532956 
 88 0.527524 
 89 0.523022 
 90 0.534326 
 91 0.536153 
 92 0.535418 
 93 0.542228 
 94 0.536463 
 95 0.540211 
 96 0.541755 
 97 0.536767 
 98 0.532415 
 99 0.527732 
 100 0.522456 
 101 0.520277 
 102 0.518639 
 103 0.517124 
 104 0.516106 
 105 0.512355 
 106 0.508070 
 107 0.503497 
 108 0.498865 
 109 0.496242 
 110 0.494381 
 111 0.490013 
 112 0.486683 
 113 0.484045 
 114 0.480235 
 115 0.480325 
 116 0.478284 
 117 0.484081 
 118 0.480001 
 119 0.476717 
 120 0.474183 
 121 0.470276 
 122 0.466583 
 123 0.462825 
 124 0.459261 
 125 0.456797 
 126 0.454565 
 127 0.462708 
 128 0.459173 
 129 0.456369 
 130 0.474222 
 131 0.473113 
 132 0.475628 
 133 0.472658 
 134 0.471040 
 135 0.468474 
 136 0.470054 
 137 0.474142 
 138 0.471901 
 139 0.471153 
 140 0.468098 
 141 0.466392 
 142 0.465651 
 143 0.492825 
 144 0.504470 
 145 0.501027 
 146 0.497659 
 147 0.495111 
 148 0.497583 
 149 0.494280 
 150 0.497514 
 151 0.495329 
 152 0.492085 
 153 0.503301 
 154 0.503594 
 155 0.500822 
 156 0.509676 
 157 0.511774 
 158 0.509625 
 159 0.506726 
 160 0.503650 
 161 0.503025 
 162 0.499993 
 163 0.499601 
 164 0.497859 
 165 0.495735 
 166 0.495456 
 167 0.492533 
 168 0.492996 
 169 0.490471 
 170 0.487614 
 171 0.485865 
 172 0.485035 
 173 0.483032 
 174 0.483044 
 175 0.489688 
 176 0.486906 
 177 0.485313 
 178 0.484094 
 179 0.482086 
 180 0.479475 
 181 0.478968 
 182 0.476669 
 183 0.474118 
 184 0.471568 
 185 0.470440 
 186 0.470637 
 187 0.470574 
 188 0.470087 
 189 0.467811 
 190 0.465361 
 191 0.464820 
 192 0.462505 
 193 0.461187 
 194 0.463698 
 195 0.461377 
 196 0.459026 
 197 0.462131 
 198 0.466476 
 199 0.465295 
 200 0.465635 
 201 0.463720 
 202 0.461480 
 203 0.460370 
 204 0.459166 
 205 0.457763 
 206 0.456099 
 207 0.454881 
 208 0.452780 
 209 0.452188 
 210 0.450970 
 211 0.449239 
 212 0.449231 
 213 0.450314 
 214 0.449455 
 215 0.451027 
 216 0.449467 
 217 0.447832 
 218 0.446192 
 219 0.444917 
 220 0.448793 
 221 0.458525 
 222 0.464063 
 223 0.484593 
 224 0.483504 
 225 0.481581 
 226 0.483855 
 227 0.482773 
 228 0.481125 
 229 0.479851 
 230 0.478997 
 231 0.476936 
 232 0.474896 
 233 0.474244 
 234 0.473863 
 235 0.472060 
 236 0.471006 
 237 0.469035 
 238 0.468582 
 239 0.466656 
 240 0.469992 
 241 0.469428 
 242 0.470678 
 243 0.469928 
 244 0.468050 
 245 0.466186 
 246 0.464902 
 247 0.463196 
 248 0.463428 
 249 0.461593 
 250 0.460328 
 251 0.460722 
 252 0.463082 
 253 0.461305 
 254 0.462241 
 255 0.460606 
 256 0.460193 
 257 0.458403 
 258 0.459984 
 259 0.465932 
 260 0.475989 
 261 0.476876 
 262 0.478485 
 263 0.477394 
 264 0.475941 
 265 0.474307 
 266 0.472617 
 267 0.472977 
 268 0.471682 
 269 0.470058 
 270 0.468555 
 271 0.473234 
 272 0.474926 
 273 0.474187 
 274 0.472530 
 275 0.475438 
 276 0.473729 
 277 0.472098 
 278 0.470533 
 279 0.469183 
 280 0.469334 
 281 0.468225 
 282 0.470574 
 283 0.470917 
 284 0.469577 
 285 0.470545 
 286 0.468935 
 287 0.467546 
 288 0.467635 
 289 0.466440 
 290 0.464843 
 291 0.463264 
 292 0.461963 
 293 0.462416 
 294 0.460984 
 295 0.459473 
 296 0.459631 
 297 0.458348 
 298 0.457290 
 299 0.455762 
 300 0.454246 
 301 0.455363 
 302 0.453856 
 303 0.452697 
 304 0.451301 
 305 0.449912 
 306 0.458192 
 307 0.456718 
 308 0.456187 
 309 0.455758 
 310 0.454476 
 311 0.453468 
 312 0.453039 
 313 0.451606 
 314 0.451242 
 315 0.452255 
 316 0.451827 
 317 0.450686 
 318 0.452222 
 319 0.451103 
 320 0.449905 
 321 0.448523 
 322 0.447789 
 323 0.446712 
 324 0.452141 
 325 0.450755 
 326 0.450426 
 327 0.449053 
 328 0.447889 
 329 0.446538 
 330 0.450091 
 331 0.448871 
 332 0.447623 
 333 0.446504 
 334 0.450130 
 335 0.449317 
 336 0.448558 
 337 0.448703 
 338 0.447377 
 339 0.448101 
 340 0.446862 
 341 0.445601 
 342 0.445299 
 343 0.444590 
 344 0.447416 
 345 0.446120 
 346 0.444832 
 347 0.443717 
 348 0.442448 
 349 0.445205 
 350 0.447284 
 351 0.446296 
 352 0.447366 
 353 0.448430 
 354 0.447176 
 355 0.446177 
 356 0.447039 
 357 0.445832 
 358 0.444591 
 359 0.443592 
 360 0.442591 
 361 0.442428 
 362 0.441476 
 363 0.440686 
 364 0.439676 
 365 0.439625 
 366 0.438424 
 367 0.437650 
 368 0.436627 
 369 0.436689 
 370 0.435962 
 371 0.436251 
 372 0.435138 
 373 0.434255 
 374 0.436212 
 375 0.435836 
 376 0.435673 
 377 0.434521 
 378 0.435394 
 379 0.434900 
 380 0.433782 
 381 0.432669 
 382 0.432136 
 383 0.431381 
 384 0.430258 
 385 0.430303 
 386 0.429457 
 387 0.430201 
 388 0.429738 
 389 0.428834 
 390 0.428120 
 391 0.427103 
 392 0.427731 
 393 0.428383 
 394 0.427520 
 395 0.426503 
 396 0.426342 
 397 0.425686 
 398 0.424726 
 399 0.424649 
 400 0.424783 
 401 0.423792 
 402 0.422753 
 403 0.423020 
 404 0.422408 
 405 0.421643 
 406 0.420811 
 407 0.421817 
 408 0.421666 
 409 0.421311 
 410 0.420488 
 411 0.419469 
 412 0.420513 
 413 0.421331 
 414 0.420350 
 415 0.419339 
 416 0.418514 
 417 0.417514 
 418 0.417771 
 419 0.417915 
 420 0.417729 
 421 0.416749 
 422 0.415938 
 423 0.414960 
 424 0.414043 
 425 0.413100 
 426 0.412420 
 427 0.411951 
 428 0.412064 
 429 0.411381 
 430 0.410884 
 431 0.409931 
 432 0.409493 
 433 0.408594 
 434 0.407732 
 435 0.408335 
 436 0.408060 
 437 0.407404 
 438 0.406756 
 439 0.406011 
 440 0.407881 
 441 0.406961 
 442 0.406230 
 443 0.405676 
 444 0.408047 
 445 0.407486 
 446 0.407209 
 447 0.406361 
 448 0.411427 
 449 0.412018 
 450 0.411146 
 451 0.410892 
 452 0.410380 
 453 0.409474 
 454 0.410000 
 455 0.409173 
 456 0.408920 
 457 0.408732 
 458 0.408114 
 459 0.407412 
 460 0.406607 
 461 0.407588 
 462 0.409333 
 463 0.410665 
 464 0.410144 
 465 0.409353 
 466 0.409655 
 467 0.408778 
 468 0.407904 
 469 0.407226 
 470 0.408112 
 471 0.407324 
 472 0.413366 
 473 0.412894 
 474 0.412268 
 475 0.411644 
 476 0.411874 
 477 0.411289 
 478 0.410593 
 479 0.410884 
 480 0.411493 
 481 0.410677 
 482 0.410133 
 483 0.411218 
 484 0.411925 
 485 0.412157 
 486 0.412484 
 487 0.411996 
 488 0.411253 
 489 0.411402 
 490 0.410834 
 491 0.410088 
 492 0.409646 
 493 0.409100 
 494 0.415732 
 495 0.414941 
 496 0.414726 
 497 0.414024 
 498 0.413241 
 499 0.412569 
 500 0.411745 
 501 0.410970 
 502 0.410311 
 503 0.409555 
 504 0.408801 
 505 0.407996 
 506 0.407194 
 507 0.407706 
 508 0.407403 
 509 0.408171 
 510 0.413123 
 511 0.412523 
 512 0.411719 
 513 0.410918 
 514 0.410151 
 515 0.409993 
 516 0.409491 
 517 0.409016 
 518 0.408295 
 519 0.407543 
 520 0.406761 
 521 0.406074 
 522 0.405684 
 523 0.406634 
 524 0.406753 
 525 0.406625 
 526 0.406119 
 527 0.405465 
 528 0.408232 
 529 0.408320 
 530 0.407685 
 531 0.406942 
 532 0.406326 
 533 0.405818 
 534 0.406608 
 535 0.405864 
 536 0.406098 
 537 0.408923 
 538 0.409126 
 539 0.408523 
 540 0.407781 
 541 0.407451 
 542 0.406699 
 543 0.406136 
 544 0.406077 
 545 0.408100 
 546 0.409433 
 547 0.410418 
 548 0.412751 
 549 0.413777 
 550 0.413090 
 551 0.413778 
 552 0.414291 
 553 0.418730 
 554 0.418447 
 555 0.417701 
 556 0.419539 
 557 0.419782 
 558 0.422993 
 559 0.422262 
 560 0.421612 
 561 0.421129 
 562 0.420380 
 563 0.420133 
 564 0.419410 
 565 0.418699 
 566 0.418031 
 567 0.417296 
 568 0.417334 
 569 0.417456 
 570 0.417018 
 571 0.416443 
 572 0.416649 
 573 0.415934 
 574 0.415533 
 575 0.414952 
 576 0.414270 
 577 0.413640 
 578 0.412928 
 579 0.412460 
 580 0.411904 
 581 0.411199 
 582 0.412042 
 583 0.413243 
 584 0.413077 
 585 0.412528 
 586 0.412455 
 587 0.411951 
 588 0.411297 
 589 0.410602 
 590 0.409907 
 591 0.409229 
 592 0.408542 
 593 0.407970 
 594 0.408351 
 595 0.407762 
 596 0.407099 
 597 0.408556 
 598 0.407899 
 599 0.407447 
 600 0.408508 
 601 0.411727 
 602 0.411601 
 603 0.411601 
 604 0.411034 
 605 0.410355 
 606 0.410338 
 607 0.409730 
 608 0.414474 
 609 0.413830 
 610 0.413749 
 611 0.413908 
 612 0.413749 
 613 0.413202 
 614 0.412562 
 615 0.412733 
 616 0.412337 
 617 0.412888 
 618 0.412238 
 619 0.411597 
 620 0.411872 
 621 0.411342 
 622 0.410931 
 623 0.410650 
 624 0.410762 
 625 0.410554 
 626 0.410011 
 627 0.409359 
 628 0.408711 
 629 0.408063 
 630 0.407554 
 631 0.407020 
 632 0.407106 
 633 0.406827 
 634 0.406712 
 635 0.406090 
 636 0.406187 
 637 0.405717 
 638 0.405856 
 639 0.405474 
 640 0.405357 
 641 0.404738 
 642 0.405033 
 643 0.404480 
 644 0.404275 
 645 0.403820 
 646 0.403486 
 647 0.402870 
 648 0.404910 
 649 0.404429 
 650 0.404961 
 651 0.405189 
 652 0.406356 
 653 0.406788 
 654 0.406517 
 655 0.412786 
 656 0.412951 
 657 0.412507 
 658 0.412516 
 659 0.412219 
 660 0.411783 
 661 0.411674 
 662 0.412166 
 663 0.412103 
 664 0.411600 
 665 0.411917 
 666 0.411325 
 667 0.411170 
 668 0.410723 
 669 0.410235 
 670 0.410375 
 671 0.409801 
 672 0.409197 
 673 0.408590 
 674 0.408219 
 675 0.407634 
 676 0.407727 
 677 0.407525 
 678 0.406926 
 679 0.407539 
 680 0.407087 
 681 0.409454 
 682 0.408887 
 683 0.408370 
 684 0.408196 
 685 0.408062 
 686 0.409283 
 687 0.411060 
 688 0.412832 
 689 0.412669 
 690 0.412824 
 691 0.412229 
 692 0.411894 
 693 0.412321 
 694 0.411994 
 695 0.412339 
 696 0.411919 
 697 0.411348 
 698 0.410764 
 699 0.410535 
 700 0.411017 
 701 0.410576 
 702 0.411228 
 703 0.410652 
 704 0.410071 
 705 0.412222 
 706 0.412152 
 707 0.411583 
 708 0.411993 
 709 0.411564 
 710 0.411062 
 711 0.410584 
 712 0.410638 
 713 0.410293 
 714 0.409778 
 715 0.410935 
 716 0.410389 
 717 0.410028 
 718 0.409592 
 719 0.409220 
 720 0.408846 
 721 0.409263 
 722 0.408700 
 723 0.408142 
 724 0.408723 
 725 0.408178 
 726 0.408671 
 727 0.409446 
 728 0.409511 
 729 0.409225 
 730 0.408674 
 731 0.408319 
 732 0.407777 
 733 0.407344 
 734 0.407275 
 735 0.407020 
 736 0.407265 
 737 0.406817 
 738 0.406472 
 739 0.406580 
 740 0.407143 
 741 0.407045 
 742 0.406603 
 743 0.406806 
 744 0.407422 
 745 0.407021 
 746 0.406496 
 747 0.405968 
 748 0.405487 
 749 0.405043 
 750 0.404755 
 751 0.404776 
 752 0.405473 
 753 0.405660 
 754 0.405124 
 755 0.404707 
 756 0.404344 
 757 0.403832 
 758 0.403484 
 759 0.403680 
 760 0.403149 
 761 0.403165 
 762 0.402651 
 763 0.402585 
 764 0.402059 
 765 0.401537 
 766 0.401384 
 767 0.400892 
 768 0.400411 
 769 0.399958 
 770 0.399457 
 771 0.398970 
 772 0.399577 
 773 0.399246 
 774 0.399117 
 775 0.400419 
 776 0.402790 
 777 0.403989 
 778 0.404551 
 779 0.404349 
 780 0.403850 
 781 0.405176 
 782 0.404704 
 783 0.404364 
 784 0.404003 
 785 0.403567 
 786 0.403053 
 787 0.402545 
 788 0.402223 
 789 0.401724 
 790 0.401534 
 791 0.402471 
 792 0.403273 
 793 0.402896 
 794 0.402718 
 795 0.402611 
 796 0.403929 
 797 0.403424 
 798 0.403008 
 799 0.402564 
 800 0.402224 
 801 0.401848 
 802 0.401428 
 803 0.400997 
 804 0.400847 
 805 0.400377 
 806 0.400319 
 807 0.401610 
 808 0.401115 
 809 0.400627 
 810 0.402162 
 811 0.401833 
 812 0.401536 
 813 0.401043 
 814 0.402195 
 815 0.403280 
 816 0.402941 
 817 0.403855 
 818 0.405241 
 819 0.405177 
 820 0.404704 
 821 0.404240 
 822 0.403958 
 823 0.403677 
 824 0.404480 
 825 0.403996 
 826 0.404679 
 827 0.404561 
 828 0.404960 
 829 0.405402 
 830 0.404999 
 831 0.405128 
 832 0.404685 
 833 0.404427 
 834 0.403945 
 835 0.403517 
 836 0.403359 
 837 0.403008 
 838 0.402842 
 839 0.402533 
 840 0.402144 
 841 0.402008 
 842 0.403317 
 843 0.403553 
 844 0.403623 
 845 0.403171 
 846 0.403817 
 847 0.403363 
 848 0.402891 
 849 0.404137 
 850 0.405748 
 851 0.405291 
 852 0.406033 
 853 0.406408 
 854 0.405933 
 855 0.405762 
 856 0.405699 
 857 0.405315 
 858 0.405148 
 859 0.404703 
 860 0.404233 
 861 0.403766 
 862 0.403361 
 863 0.406919 
 864 0.407488 
 865 0.407292 
 866 0.406958 
 867 0.407626 
 868 0.408512 
 869 0.408794 
 870 0.408465 
 871 0.408790 
 872 0.409837 
 873 0.409657 
 874 0.409978 
 875 0.410261 
 876 0.411492 
 877 0.411697 
 878 0.411526 
 879 0.411735 
 880 0.411534 
 881 0.411069 
 882 0.410897 
 883 0.410580 
 884 0.410187 
 885 0.409917 
 886 0.410079 
 887 0.410317 
 888 0.409907 
 889 0.409694 
 890 0.409235 
 891 0.410234 
 892 0.409786 
 893 0.409544 
 894 0.409095 
 895 0.408666 
 896 0.408304 
 897 0.408423 
 898 0.408099 
 899 0.407666 
 900 0.407468 
 901 0.407282 
 902 0.407525 
 903 0.407592 
 904 0.407247 
 905 0.407200 
 906 0.407205 
 907 0.407757 
 908 0.407455 
 909 0.407445 
 910 0.408023 
 911 0.407699 
 912 0.407264 
 913 0.406995 
 914 0.406621 
 915 0.406630 
 916 0.406199 
 917 0.405874 
 918 0.405440 
 919 0.405317 
 920 0.404907 
 921 0.405038 
 922 0.404837 
 923 0.405014 
 924 0.405288 
 925 0.405044 
 926 0.405001 
 927 0.404737 
 928 0.405129 
 929 0.404845 
 930 0.404781 
 931 0.404819 
 932 0.404564 
 933 0.404423 
 934 0.405205 
 935 0.404788 
 936 0.404999 
 937 0.404570 
 938 0.404192 
 939 0.403870 
 940 0.403475 
 941 0.403781 
 942 0.403958 
 943 0.404776 
 944 0.404731 
 945 0.404304 
 946 0.403901 
 947 0.403495 
 948 0.403121 
 949 0.402698 
 950 0.402309 
 951 0.403040 
 952 0.402619 
 953 0.402557 
 954 0.402394 
 955 0.402436 
 956 0.402155 
 957 0.402369 
 958 0.402457 
 959 0.405098 
 960 0.404742 
 961 0.404990 
 962 0.405697 
 963 0.405284 
 964 0.405907 
 965 0.406690 
 966 0.406559 
 967 0.406337 
 968 0.405918 
 969 0.405500 
 970 0.405312 
 971 0.404916 
 972 0.404675 
 973 0.404537 
 974 0.405840 
 975 0.406173 
 976 0.406695 
 977 0.406661 
 978 0.407039 
 979 0.406701 
 980 0.406296 
 981 0.406109 
 982 0.405870 
 983 0.406119 
 984 0.405814 
 985 0.405737 
 986 0.406219 
 987 0.405948 
 988 0.406547 
 989 0.406142 
 990 0.406922 
 991 0.408840 
 992 0.408768 
 993 0.411608 
 994 0.411501 
 995 0.411697 
 996 0.411921 
 997 0.411722 
 998 0.411458 
 999 0.411539 
 