1 0.000000 
 2 0.000000 
 3 0.000000 
 4 0.000000 
 5 0.000000 
 6 0.000000 
 7 0.000000 
 8 0.000000 
 9 0.000000 
 10 0.000000 
 11 0.000000 
 12 0.000000 
 13 0.000000 
 14 0.000000 
 15 0.000000 
 16 0.000000 
 17 0.000000 
 18 0.000000 
 19 0.000000 
 20 0.000000 
 21 0.000000 
 22 0.000000 
 23 0.000000 
 24 0.000000 
 25 0.000000 
 26 0.000000 
 27 0.000000 
 28 0.000000 
 29 0.000000 
 30 0.000000 
 31 0.000000 
 32 0.000000 
 33 0.000000 
 34 0.000000 
 35 0.000000 
 36 0.000000 
 37 0.000000 
 38 0.000000 
 39 0.000000 
 40 0.000000 
 41 0.000000 
 42 0.000000 
 43 0.000000 
 44 0.000000 
 45 0.000000 
 46 0.000000 
 47 0.000000 
 48 0.000061 
 49 0.000669 
 50 0.001008 
 51 0.004936 
 52 0.006181 
 53 0.007308 
 54 0.016300 
 55 0.021262 
 56 0.025550 
 57 0.029674 
 58 0.029239 
 59 0.029820 
 60 0.040693 
 61 0.079938 
 62 0.079714 
 63 0.081412 
 64 0.091945 
 65 0.090633 
 66 0.094706 
 67 0.093761 
 68 0.092392 
 69 0.118337 
 70 0.118462 
 71 0.123405 
 72 0.127605 
 73 0.129407 
 74 0.130708 
 75 0.135319 
 76 0.145244 
 77 0.143382 
 78 0.141547 
 79 0.163215 
 80 0.168039 
 81 0.178180 
 82 0.182242 
 83 0.189502 
 84 0.187996 
 85 0.186794 
 86 0.188843 
 87 0.193234 
 88 0.192186 
 89 0.202849 
 90 0.210441 
 91 0.216025 
 92 0.217881 
 93 0.216076 
 94 0.214786 
 95 0.215699 
 96 0.214846 
 97 0.213444 
 98 0.217435 
 99 0.218635 
 100 0.218472 
 101 0.216465 
 102 0.216759 
 103 0.219726 
 104 0.218111 
 105 0.220420 
 106 0.228746 
 107 0.227424 
 108 0.225689 
 109 0.223681 
 110 0.221809 
 111 0.223708 
 112 0.221954 
 113 0.221993 
 114 0.220930 
 115 0.219080 
 116 0.217676 
 117 0.222504 
 118 0.220621 
 119 0.221225 
 120 0.219475 
 121 0.218328 
 122 0.223530 
 123 0.221714 
 124 0.221252 
 125 0.220581 
 126 0.218929 
 127 0.219953 
 128 0.242565 
 129 0.241386 
 130 0.239546 
 131 0.237771 
 132 0.235977 
 133 0.245383 
 134 0.244907 
 135 0.244900 
 136 0.243174 
 137 0.242842 
 138 0.244949 
 139 0.248509 
 140 0.251995 
 141 0.254873 
 142 0.253655 
 143 0.252431 
 144 0.250681 
 145 0.251335 
 146 0.249614 
 147 0.248010 
 148 0.247508 
 149 0.245959 
 150 0.256478 
 151 0.255858 
 152 0.257474 
 153 0.256671 
 154 0.255059 
 155 0.253640 
 156 0.252121 
 157 0.253467 
 158 0.271594 
 159 0.274174 
 160 0.273855 
 161 0.272747 
 162 0.271071 
 163 0.269410 
 164 0.267906 
 165 0.267119 
 166 0.268178 
 167 0.268739 
 168 0.267590 
 169 0.267620 
 170 0.270280 
 171 0.269055 
 172 0.269672 
 173 0.268514 
 174 0.267625 
 175 0.266163 
 176 0.264821 
 177 0.263327 
 178 0.262143 
 179 0.261176 
 180 0.260617 
 181 0.266233 
 182 0.268172 
 183 0.268562 
 184 0.268396 
 185 0.267142 
 186 0.265982 
 187 0.265651 
 188 0.264652 
 189 0.264773 
 190 0.263482 
 191 0.262113 
 192 0.269974 
 193 0.269892 
 194 0.271118 
 195 0.269936 
 196 0.269616 
 197 0.269350 
 198 0.269273 
 199 0.269325 
 200 0.268401 
 201 0.269543 
 202 0.268737 
 203 0.269072 
 204 0.271416 
 205 0.277035 
 206 0.275890 
 207 0.274764 
 208 0.276279 
 209 0.277444 
 210 0.276123 
 211 0.275304 
 212 0.274092 
 213 0.279058 
 214 0.280292 
 215 0.279139 
 216 0.278588 
 217 0.278994 
 218 0.282851 
 219 0.281977 
 220 0.285621 
 221 0.284831 
 222 0.283734 
 223 0.285125 
 224 0.283956 
 225 0.289982 
 226 0.290393 
 227 0.289756 
 228 0.291202 
 229 0.290842 
 230 0.292362 
 231 0.296984 
 232 0.299054 
 233 0.298022 
 234 0.297272 
 235 0.297939 
 236 0.296826 
 237 0.301648 
 238 0.301293 
 239 0.304928 
 240 0.304666 
 241 0.303489 
 242 0.303252 
 243 0.308204 
 244 0.309101 
 245 0.312408 
 246 0.311169 
 247 0.310054 
 248 0.309100 
 249 0.308326 
 250 0.307489 
 251 0.307322 
 252 0.306237 
 253 0.305174 
 254 0.303977 
 255 0.316148 
 256 0.329061 
 257 0.328092 
 258 0.327293 
 259 0.331807 
 260 0.330766 
 261 0.329766 
 262 0.328892 
 263 0.329856 
 264 0.329304 
 265 0.328080 
 266 0.327550 
 267 0.326533 
 268 0.328054 
 269 0.329917 
 270 0.334049 
 271 0.333267 
 272 0.337016 
 273 0.335842 
 274 0.335112 
 275 0.334575 
 276 0.333372 
 277 0.334288 
 278 0.333804 
 279 0.333565 
 280 0.332375 
 281 0.331833 
 282 0.335943 
 283 0.336192 
 284 0.335079 
 285 0.334682 
 286 0.333988 
 287 0.335980 
 288 0.334914 
 289 0.333835 
 290 0.332980 
 291 0.333258 
 292 0.333165 
 293 0.332369 
 294 0.331331 
 295 0.332724 
 296 0.336131 
 297 0.336819 
 298 0.339141 
 299 0.338309 
 300 0.337319 
 301 0.338223 
 302 0.337427 
 303 0.344446 
 304 0.344472 
 305 0.343697 
 306 0.344292 
 307 0.343331 
 308 0.342341 
 309 0.343670 
 310 0.343187 
 311 0.343516 
 312 0.342596 
 313 0.349366 
 314 0.348618 
 315 0.350400 
 316 0.351730 
 317 0.351643 
 318 0.357537 
 319 0.356647 
 320 0.355566 
 321 0.357104 
 322 0.358764 
 323 0.360322 
 324 0.359591 
 325 0.359286 
 326 0.358475 
 327 0.357483 
 328 0.356688 
 329 0.360929 
 330 0.359926 
 331 0.359510 
 332 0.361529 
 333 0.362600 
 334 0.363846 
 335 0.364402 
 336 0.363761 
 337 0.362858 
 338 0.362990 
 339 0.362645 
 340 0.362632 
 341 0.362778 
 342 0.361876 
 343 0.360847 
 344 0.359843 
 345 0.360477 
 346 0.364149 
 347 0.367582 
 348 0.367774 
 349 0.367715 
 350 0.370579 
 351 0.369548 
 352 0.368623 
 353 0.368352 
 354 0.368926 
 355 0.371044 
 356 0.370473 
 357 0.369991 
 358 0.370861 
 359 0.369923 
 360 0.373312 
 361 0.373050 
 362 0.372790 
 363 0.371856 
 364 0.370837 
 365 0.369822 
 366 0.368813 
 367 0.372678 
 368 0.372019 
 369 0.371259 
 370 0.374347 
 371 0.373374 
 372 0.374092 
 373 0.373438 
 374 0.372444 
 375 0.375418 
 376 0.376063 
 377 0.377256 
 378 0.378163 
 379 0.377166 
 380 0.376865 
 381 0.377532 
 382 0.376621 
 383 0.375723 
 384 0.375335 
 385 0.374711 
 386 0.373817 
 387 0.373124 
 388 0.372216 
 389 0.371261 
 390 0.372506 
 391 0.371933 
 392 0.371054 
 393 0.371399 
 394 0.370468 
 395 0.369531 
 396 0.368696 
 397 0.368126 
 398 0.367645 
 399 0.367063 
 400 0.366484 
 401 0.369608 
 402 0.370182 
 403 0.371427 
 404 0.370536 
 405 0.372292 
 406 0.371535 
 407 0.372708 
 408 0.372069 
 409 0.371816 
 410 0.371628 
 411 0.370830 
 412 0.370627 
 413 0.370105 
 414 0.371332 
 415 0.370492 
 416 0.371512 
 417 0.371157 
 418 0.370355 
 419 0.369795 
 420 0.369939 
 421 0.369248 
 422 0.368472 
 423 0.368322 
 424 0.367703 
 425 0.367923 
 426 0.368473 
 427 0.369119 
 428 0.369873 
 429 0.369011 
 430 0.372562 
 431 0.376607 
 432 0.377280 
 433 0.378127 
 434 0.377339 
 435 0.377081 
 436 0.376293 
 437 0.377762 
 438 0.377177 
 439 0.380419 
 440 0.379624 
 441 0.378767 
 442 0.377912 
 443 0.377196 
 444 0.381582 
 445 0.385665 
 446 0.385291 
 447 0.384470 
 448 0.387373 
 449 0.387045 
 450 0.386185 
 451 0.386795 
 452 0.386355 
 453 0.386023 
 454 0.388119 
 455 0.387302 
 456 0.387942 
 457 0.388274 
 458 0.387456 
 459 0.386616 
 460 0.386912 
 461 0.386226 
 462 0.385834 
 463 0.385026 
 464 0.384210 
 465 0.384555 
 466 0.385275 
 467 0.385693 
 468 0.384888 
 469 0.385532 
 470 0.384772 
 471 0.384030 
 472 0.383734 
 473 0.383273 
 474 0.384068 
 475 0.383275 
 476 0.382710 
 477 0.386259 
 478 0.385962 
 479 0.385754 
 480 0.387020 
 481 0.386656 
 482 0.386595 
 483 0.387458 
 484 0.387622 
 485 0.386962 
 486 0.389619 
 487 0.390049 
 488 0.389930 
 489 0.393378 
 490 0.396651 
 491 0.396246 
 492 0.398821 
 493 0.401857 
 494 0.401095 
 495 0.401418 
 496 0.400611 
 497 0.399837 
 498 0.400375 
 499 0.399572 
 500 0.401823 
 501 0.402508 
 502 0.402822 
 503 0.402039 
 504 0.401916 
 505 0.401487 
 506 0.400926 
 507 0.400307 
 508 0.399530 
 509 0.398761 
 510 0.397983 
 511 0.397645 
 512 0.397009 
 513 0.396467 
 514 0.395707 
 515 0.395292 
 516 0.394585 
 517 0.393822 
 518 0.396328 
 519 0.395577 
 520 0.395217 
 521 0.394459 
 522 0.393873 
 523 0.394278 
 524 0.393852 
 525 0.393273 
 526 0.393626 
 527 0.392970 
 528 0.394622 
 529 0.399617 
 530 0.399296 
 531 0.399859 
 532 0.399610 
 533 0.399157 
 534 0.398735 
 535 0.401687 
 536 0.402225 
 537 0.402093 
 538 0.401503 
 539 0.401349 
 540 0.400771 
 541 0.400074 
 542 0.399534 
 543 0.399936 
 544 0.399569 
 545 0.399285 
 546 0.399140 
 547 0.398737 
 548 0.398301 
 549 0.397627 
 550 0.398027 
 551 0.397690 
 552 0.397191 
 553 0.397939 
 554 0.397708 
 555 0.397019 
 556 0.396333 
 557 0.399996 
 558 0.399539 
 559 0.400141 
 560 0.399829 
 561 0.399656 
 562 0.399466 
 563 0.399657 
 564 0.399705 
 565 0.401115 
 566 0.403072 
 567 0.402484 
 568 0.401847 
 569 0.401739 
 570 0.401081 
 571 0.401158 
 572 0.400557 
 573 0.401898 
 574 0.403295 
 575 0.403413 
 576 0.402822 
 577 0.402129 
 578 0.401433 
 579 0.402069 
 580 0.401550 
 581 0.401537 
 582 0.400890 
 583 0.400362 
 584 0.400958 
 585 0.400948 
 586 0.400271 
 587 0.399899 
 588 0.401479 
 589 0.400798 
 590 0.400348 
 591 0.399750 
 592 0.401450 
 593 0.400801 
 594 0.401322 
 595 0.402183 
 596 0.401791 
 597 0.401835 
 598 0.404102 
 599 0.404460 
 600 0.403818 
 601 0.404263 
 602 0.403656 
 603 0.404199 
 604 0.404465 
 605 0.404268 
 606 0.403766 
 607 0.403162 
 608 0.402504 
 609 0.402256 
 610 0.401613 
 611 0.402198 
 612 0.401547 
 613 0.401080 
 614 0.400645 
 615 0.399994 
 616 0.399874 
 617 0.400028 
 618 0.401432 
 619 0.400784 
 620 0.400843 
 621 0.400637 
 622 0.400684 
 623 0.400825 
 624 0.400822 
 625 0.400929 
 626 0.402816 
 627 0.402351 
 628 0.401833 
 629 0.401454 
 630 0.400835 
 631 0.400207 
 632 0.401665 
 633 0.401305 
 634 0.401119 
 635 0.400964 
 636 0.400362 
 637 0.400248 
 638 0.401864 
 639 0.403727 
 640 0.403166 
 641 0.403206 
 642 0.403168 
 643 0.402676 
 644 0.402520 
 645 0.402899 
 646 0.402672 
 647 0.402255 
 648 0.413016 
 649 0.415033 
 650 0.414716 
 651 0.414263 
 652 0.414170 
 653 0.415036 
 654 0.414885 
 655 0.414641 
 656 0.414302 
 657 0.413781 
 658 0.413200 
 659 0.412573 
 660 0.412411 
 661 0.411959 
 662 0.412362 
 663 0.412253 
 664 0.412027 
 665 0.412162 
 666 0.411555 
 667 0.411190 
 668 0.410596 
 669 0.409992 
 670 0.412129 
 671 0.414348 
 672 0.415881 
 673 0.415587 
 674 0.419672 
 675 0.419174 
 676 0.419364 
 677 0.419690 
 678 0.421919 
 679 0.421398 
 680 0.420778 
 681 0.420188 
 682 0.420119 
 683 0.419745 
 684 0.419145 
 685 0.418536 
 686 0.419766 
 687 0.420196 
 688 0.420297 
 689 0.419979 
 690 0.420139 
 691 0.421060 
 692 0.421035 
 693 0.422058 
 694 0.422099 
 695 0.421499 
 696 0.422900 
 697 0.424566 
 698 0.424131 
 699 0.423533 
 700 0.423001 
 701 0.422627 
 702 0.422343 
 703 0.421754 
 704 0.423382 
 705 0.422794 
 706 0.422203 
 707 0.421800 
 708 0.422939 
 709 0.422351 
 710 0.422368 
 711 0.422416 
 712 0.424258 
 713 0.429625 
 714 0.429062 
 715 0.428504 
 716 0.427996 
 717 0.427737 
 718 0.427142 
 719 0.426552 
 720 0.426014 
 721 0.426038 
 722 0.425491 
 723 0.428082 
 724 0.427617 
 725 0.427038 
 726 0.427452 
 727 0.427779 
 728 0.427379 
 729 0.427155 
 730 0.427142 
 731 0.427530 
 732 0.427014 
 733 0.426691 
 734 0.428189 
 735 0.429199 
 736 0.428963 
 737 0.429535 
 738 0.430188 
 739 0.429732 
 740 0.429162 
 741 0.428617 
 742 0.428739 
 743 0.428296 
 744 0.429570 
 745 0.429358 
 746 0.428960 
 747 0.428468 
 748 0.427912 
 749 0.428202 
 750 0.428109 
 751 0.428260 
 752 0.428616 
 753 0.430052 
 754 0.430396 
 755 0.430655 
 756 0.430099 
 757 0.429570 
 758 0.429046 
 759 0.428610 
 760 0.428386 
 761 0.427824 
 762 0.427291 
 763 0.426849 
 764 0.426332 
 765 0.425993 
 766 0.425779 
 767 0.425631 
 768 0.425088 
 769 0.425157 
 770 0.424848 
 771 0.425062 
 772 0.429302 
 773 0.428781 
 774 0.428235 
 775 0.428327 
 776 0.427845 
 777 0.427390 
 778 0.427179 
 779 0.426701 
 780 0.426373 
 781 0.425928 
 782 0.425473 
 783 0.426103 
 784 0.425564 
 785 0.425040 
 786 0.426104 
 787 0.425562 
 788 0.425024 
 789 0.424514 
 790 0.424470 
 791 0.424042 
 792 0.425221 
 793 0.424688 
 794 0.424324 
 795 0.424839 
 796 0.424533 
 797 0.424497 
 798 0.423989 
 799 0.423511 
 800 0.423009 
 801 0.423204 
 802 0.423341 
 803 0.424071 
 804 0.424232 
 805 0.424211 
 806 0.424625 
 807 0.424150 
 808 0.423929 
 809 0.423598 
 810 0.423543 
 811 0.423038 
 812 0.422519 
 813 0.423355 
 814 0.422998 
 815 0.422691 
 816 0.422546 
 817 0.422212 
 818 0.421841 
 819 0.421721 
 820 0.421707 
 821 0.425438 
 822 0.425653 
 823 0.425947 
 824 0.425532 
 825 0.425346 
 826 0.424884 
 827 0.424379 
 828 0.424195 
 829 0.424834 
 830 0.424668 
 831 0.425626 
 832 0.425118 
 833 0.426007 
 834 0.426801 
 835 0.426539 
 836 0.426138 
 837 0.425670 
 838 0.425199 
 839 0.425012 
 840 0.424519 
 841 0.424038 
 842 0.424065 
 843 0.423734 
 844 0.424070 
 845 0.426257 
 846 0.426361 
 847 0.425992 
 848 0.425716 
 849 0.425226 
 850 0.424795 
 851 0.424322 
 852 0.423829 
 853 0.423521 
 854 0.423248 
 855 0.423265 
 856 0.423034 
 857 0.424715 
 858 0.425114 
 859 0.425047 
 860 0.424812 
 861 0.424441 
 862 0.424053 
 863 0.423613 
 864 0.423595 
 865 0.423394 
 866 0.422985 
 867 0.423976 
 868 0.424059 
 869 0.424489 
 870 0.424077 
 871 0.424127 
 872 0.424701 
 873 0.424789 
 874 0.425408 
 875 0.427034 
 876 0.427203 
 877 0.426816 
 878 0.426350 
 879 0.426803 
 880 0.426459 
 881 0.426438 
 882 0.425955 
 883 0.425481 
 884 0.425114 
 885 0.425110 
 886 0.424716 
 887 0.425372 
 888 0.425153 
 889 0.424959 
 890 0.424614 
 891 0.424159 
 892 0.423810 
 893 0.423440 
 894 0.424104 
 895 0.423641 
 896 0.423281 
 897 0.422870 
 898 0.423322 
 899 0.422860 
 900 0.422486 
 901 0.422682 
 902 0.422273 
 903 0.422045 
 904 0.421578 
 905 0.421138 
 906 0.420674 
 907 0.420305 
 908 0.419878 
 909 0.419427 
 910 0.418990 
 911 0.419266 
 912 0.419315 
 913 0.419346 
 914 0.418915 
 915 0.418677 
 916 0.418513 
 917 0.418909 
 918 0.418503 
 919 0.418755 
 920 0.420228 
 921 0.420385 
 922 0.419945 
 923 0.419804 
 924 0.422870 
 925 0.422500 
 926 0.422108 
 927 0.422407 
 928 0.422029 
 929 0.421709 
 930 0.422605 
 931 0.422383 
 932 0.422633 
 933 0.422180 
 934 0.421808 
 935 0.421405 
 936 0.422416 
 937 0.421977 
 938 0.423229 
 939 0.424272 
 940 0.423823 
 941 0.424388 
 942 0.424271 
 943 0.424365 
 944 0.424200 
 945 0.424270 
 946 0.424593 
 947 0.424261 
 948 0.424794 
 949 0.424640 
 950 0.424213 
 951 0.424000 
 952 0.423826 
 953 0.423394 
 954 0.423006 
 955 0.422849 
 956 0.422452 
 957 0.422016 
 958 0.422068 
 959 0.421940 
 960 0.421580 
 961 0.421152 
 962 0.421423 
 963 0.422043 
 964 0.421609 
 965 0.421218 
 966 0.421270 
 967 0.421047 
 968 0.421631 
 969 0.421503 
 970 0.421069 
 971 0.420689 
 972 0.420695 
 973 0.420290 
 974 0.419976 
 975 0.420462 
 976 0.421303 
 977 0.420876 
 978 0.421761 
 979 0.421400 
 980 0.420986 
 981 0.421454 
 982 0.421044 
 983 0.420632 
 984 0.420207 
 985 0.419781 
 986 0.419355 
 987 0.420004 
 988 0.420025 
 989 0.419630 
 990 0.420067 
 991 0.420804 
 992 0.420522 
 993 0.420283 
 994 0.421807 
 995 0.421384 
 996 0.420963 
 997 0.420615 
 998 0.420242 
 999 0.420094 
 