-0.939527
0.250824
0.750642
0.210990
-0.207882
0.055284
-0.094790
0.044228
0.306881
0.253700
-0.311365
0.969956
0.731247
0.524091
0.036310
0.684032
0.518011
0.060941
0.463316
-0.210808
0.347655
0.559622
0.826721
0.700322
-0.338658
0.212527
0.067236
0.890151
0.651264
-0.216050
-0.081377
0.063284
0.334259
-0.175437
-0.449722
-1.158690
-0.464054
-0.235082
-0.731400
-0.693463
-0.223220
-0.440937
-0.416580
-0.113158
0.238303
-0.448368
-0.361780
-0.186087
0.797027
0.910459
1.071851
0.733327
1.101899
0.133136
0.480488
0.755919
-0.220733
-0.490677
0.117509
-0.025137
0.535777
0.955661
-0.397594
1.011187
-0.411796
-0.294276
-0.279219
-1.237397
-0.985384
-1.144085
0.143239
-0.061672
0.239438
-0.654240
-0.126535
-0.000198
0.367344
0.377655
-0.459621
-0.515678
0.545884
1.636795
1.095237
0.151997
-0.052486
-0.156776
0.210633
-1.315459
-1.509451
-1.073185
0.274984
0.322492
0.220753
0.085986
1.558307
-0.114224
0.056804
-0.267416
-1.094922
-1.596427
-1.435286
-0.707986
0.802036
0.005356
-0.024758
0.113410
0.380054
0.294164
0.233021
-0.050684
0.114474
0.491481
0.265775
1.078887
1.232623
-0.064255
0.103838
-0.046413
0.412730
-0.233311
0.265111
0.085184
-0.063512
0.428704
1.361636
0.553859
0.734106
0.395262
0.250468
-0.730129
-0.796803
-0.428706
-1.014962
-0.136232
-0.418722
-0.168564
0.472256
-0.613977
1.224203
0.352016
-0.140925
-0.576892
0.507502
-0.867406
0.609772
-0.048278
1.201357
-1.349550
0.368082
0.433944
0.091843
-0.283804
0.233318
0.082121
0.195445
0.231491
-0.754534
1.116617
-0.099200
-0.648758
0.160165
0.390764
-0.719927
-0.841391
-0.118211
0.259978
-0.706892
0.393757
-0.676007
-0.394655
0.173343
-0.646838
0.794526
-0.133584
1.031195
0.690313
0.564471
0.376238
0.353007
-0.255201
-1.556167
-0.102142
-0.263033
0.764140
-0.246136
-0.008943
-0.015782
0.617537
-0.596572
0.840677
0.305830
-0.045210
1.678017
0.936413
1.080171
1.031048
-0.189282
-0.011424
0.603190
0.063560
0.003253
0.452045
0.716069
0.541218
-0.022818
-0.281944
0.154915
0.495511
0.145394
0.049117
0.077387
1.109558
-0.643027
0.342992
1.007256
1.516424
-0.340671
-0.390186
-0.350971
-0.849308
0.474540
-0.310417
0.912631
2.060422
0.192331
1.379188
0.740076
1.170473
2.278210
-0.131683
-0.020844
-1.077134
0.269122
0.366122
1.071064
-0.915474
-1.535666
-0.928762
0.033559
-0.348442
-0.153466
-0.517673
-0.161896
0.051208
0.252032
-0.627212
-0.202070
-0.174899
0.253724
-0.625258
-0.346487
-0.863185
-0.921699
0.142589
1.056365
-0.147691
-0.789752
-0.964294
-0.413508
-0.328965
0.108303
-0.356319
-0.495003
-0.584092
-0.761998
0.054370
-0.929184
-0.473552
-0.668754
0.101482
0.434637
0.089089
-0.509230
-0.648276
-0.155813
0.261144
-1.005222
-1.365656
-0.075584
-1.027506
0.326108
1.281985
0.972673
-0.197079
-0.898063
-0.849689
0.598304
0.182556
0.442765
0.425411
-0.005258
-0.418713
-0.839651
-1.424652
0.247587
0.474686
0.772468
-0.943550
-0.627212
0.497258
-0.622869
-1.229663
-0.300742
-1.390469
-1.365007
-1.198631
0.411596
0.104681
0.857786
0.263914
0.593206
0.304250
1.367666
0.819547
0.580953
-1.255833
0.239597
-0.854603
-1.744978
-0.332567
-0.413291
-0.243764
0.127768
0.120307
0.080757
-0.273562
0.988555
0.644486
-0.483747
-0.463066
0.710943
-0.633343
0.046357
1.817264
1.285116
1.369126
-0.136602
0.508490
-0.548580
0.052789
1.361233
0.529656
0.761080
0.234535
-0.238237
-0.510697
-0.487582
-0.226388
0.384224
0.584731
1.171733
0.487416
1.848272
0.632382
-0.869051
-0.481266
0.490329
-0.148705
1.768946
0.251238
-0.002137
-0.747037
0.382414
-0.064810
0.475007
-0.161683
-0.333896
-0.552583
0.450134
0.183874
-0.022658
0.634229
0.202043
1.439506
1.579277
0.943869
2.299790
1.827247
1.705838
0.479152
0.559753
-0.345779
-0.647832
0.064608
-0.216128
0.160890
0.024278
-0.723528
0.542268
0.351438
0.156413
0.365848
1.226435
0.435733
-0.078647
-1.262892
-0.451667
-0.117652
-0.264966
-0.376227
0.004202
1.560751
0.756414
0.228257
-0.561972
-0.951655
0.255561
0.844493
0.441104
-0.007509
-0.451954
0.428765
-0.512707
0.609338
-0.149359
-0.379305
0.170362
-0.216549
0.253295
-0.742027
-0.185581
-0.690454
-1.163839
0.661745
-1.568917
-0.039165
-0.296575
1.138612
-1.204135
-0.539573
-0.463570
-0.365215
0.387074
-0.005707
0.433691
0.012256
0.253210
-0.079981
0.608970
0.544341
0.051341
0.585926
0.167302
0.358207
-1.069849
-0.013462
0.381558
-0.668753
-0.584857
-0.771847
-0.349071
0.664112
0.959487
0.840293
-0.513145
-0.539815
-0.163699
0.202840
0.750302
-0.039911
-0.352888
-1.004928
0.858846
0.476614
-0.756002
-1.269089
-1.121498
-0.260264
0.548148
-0.358044
0.388239
-0.482601
-0.781272
0.861637
0.344066
0.970110
0.243145
0.129294
0.125123
-0.083380
-0.774021
0.182487
-0.118132
0.104472
1.108939
0.486783
0.041812
0.465096
0.702546
0.482796
1.537252
0.260890
1.019882
0.279609
-0.455130
-0.486553
0.545663
0.050979
-0.315701
0.850524
-0.265962
-0.007597
-1.121751
-0.536829
-0.476129
0.313023
0.068126
0.429942
0.128526
0.541732
0.822983
-0.717782
0.730528
-0.263121
-0.831979
-0.511040
-0.541639
0.076964
0.116594
0.283971
0.567615
-0.238654
0.107053
0.238729
-0.532869
-0.586253
-0.312609
-0.642678
-0.776287
0.705708
-0.906315
0.348639
0.269007
1.132402
0.644817
1.085919
-1.221752
-0.519809
-0.778537
0.132887
0.295877
0.038916
-0.472159
-0.763988
-0.462874
-0.284996
-0.295012
-0.676537
-0.570344
0.112457
0.101130
-0.805393
0.243166
0.260433
-0.413194
0.074220
0.585377
-0.923335
0.272238
-0.282839
0.731231
0.156416
-0.002145
-0.873748
0.124470
1.406462
0.106832
0.740164
1.171568
0.490659
1.632980
0.343389
-0.075449
-0.244524
1.187724
1.364415
0.870717
-0.393931
0.352002
-0.056818
-0.681413
-0.494940
0.175487
0.655027
0.614795
0.589639
0.337179
0.441594
0.563576
0.080385
0.818201
1.036419
0.405163
2.520290
0.966250
1.266397
0.371912
0.319113
-0.335202
0.128296
0.867063
0.344856
-0.469125
0.018483
0.856370
0.708302
-0.454091
0.288585
0.734359
0.729816
-0.470021
-0.454793
-1.007022
-0.677020
0.591544
-0.164175
-0.302985
-0.231978
-0.021036
-0.838742
-0.726089
-1.253274
-1.636292
-0.124463
-0.326459
-0.062056
-0.472683
-0.038320
1.358798
-0.041314
-0.465775
-0.759480
0.214051
-0.157923
0.167518
0.218974
-1.345827
0.376980
0.371241
-0.830699
0.158355
1.203120
0.765504
0.609243
-1.232956
-0.671246
0.720519
-0.212887
-0.857736
-0.222556
-0.779246
-0.431827
0.028956
-0.168068
0.302684
-0.727485
-1.811095
-0.138764
0.229205
0.625387
-0.054104
-0.825257
-0.436158
0.404985
0.806012
0.335257
-0.115590
-1.018464
-1.333606
-1.216997
-1.044296
-0.147249
0.278338
-0.348087
-0.520595
-0.560855
-0.356837
0.334879
0.643027
0.236959
-0.071742
-0.822446
0.541842
0.136173
0.006838
-0.938002
-0.720125
0.025730
-0.288335
-0.239006
0.128532
0.587736
1.428461
1.033946
0.668405
1.256983
0.399520
-0.105728
-0.547538
0.305454
-1.059887
-0.886603
-0.145238
-0.396530
-0.269769
0.018969
-0.273954
-0.676549
0.256349
-0.134346
-0.433472
0.043729
-0.300053
0.055890
-0.519150
-0.220771
0.438980
0.125294
-0.663874
-0.178891
-0.378716
-0.461408
-0.204975
-1.571085
-1.340137
-0.821411
-0.384383
0.610424
1.696371
1.388535
-0.022601
-0.108730
0.060918
0.303330
0.000806
0.384091
-0.585345
0.499447
0.010863
-1.388772
-0.734653
-0.835870
0.269334
0.581665
0.826198
-0.610637
-0.153882
-0.900549
0.574989
0.704072
-0.073103
0.008786
-0.148991
0.026019
-1.634554
-0.499555
1.009370
0.420556
0.879149
0.127511
-0.524357
-0.460735
-0.477312
0.405252
0.217373
-0.207029
-0.167277
-0.780196
0.132357
0.127771
1.051527
0.436115
0.936663
-0.612709
-0.999211
-0.598722
-0.274920
-0.296744
0.212297
-0.512564
0.383150
-0.188845
-0.848428
-0.096555
0.573591
0.007372
0.088761
-0.220712
-1.333025
0.071970
-0.382988
-0.929946
-0.203595
-0.772414
-0.231187
0.778777
1.586977
1.375709
0.095925
-0.301777
0.208017
0.317122
-0.064107
0.065880
0.298425
0.140790
0.719431
0.506112
0.799839
1.108851
0.577778
0.756494
1.350564
1.070201
-0.626107
1.313654
0.563959
0.330287
0.540328
1.018623
0.656826
0.882038
0.371518
-0.162281
0.555317
0.602920
0.430613
-0.179852
-0.473061
-0.110551
0.494183
-0.711361
-0.552852
0.202909
-0.423318
-0.368903
-0.097533
-0.980748
-0.472097
0.314279
-0.548554
-0.910398
-0.871424
-0.729113
-0.246161
-0.778949
0.651646
0.341607
-0.110384
0.603463
0.730901
-0.006248
1.198963
-0.097828
-0.128707
-0.201462
0.209245
-0.393492
-0.387130
1.101774
0.141428
-0.171891
-0.388940
0.627997
-0.581224
-0.643006
-1.139945
0.903017
0.829256
-0.161094
-1.162899
-0.997238
-0.590772
-0.636744
1.662478
0.653418
-0.621647
0.214624
0.116567
0.850930
0.292181
0.274264
0.569222
0.845412
0.123279
-0.738054
0.214541
0.920053
-0.266257
-0.189150
0.354457
-0.718725
-0.884416
-0.241834
-0.783247
-0.738293
0.589361
-0.060565
0.345170
-0.163426
1.126869
0.175695
-0.364137
-1.120674
0.307207
-0.557897
-0.063582
-0.346714
0.116625
-0.601905
-0.174298
0.260266
0.109883
0.069817
0.824845
0.432767
-0.424573
-0.191181
0.309114
0.296148
-0.974024
-0.795529
-0.623506
-0.394321
0.662744
0.909302
0.013676
-0.786069
0.179730
0.852577
0.747002
0.291783
-0.752197
0.050237
0.144025
0.649291
-0.400293
0.156531
-0.044674
-0.173197
-1.096279
0.307493
-0.213916
-0.281868
-0.603446
-0.054849
0.269328
0.934004
0.144998
-1.234035
-0.990533
-0.134849
0.238081
0.464994
1.042405
-0.235695
0.958293
-0.314939
-0.352295
-0.277307
0.602011
1.267777
-0.468159
-0.493320
0.404796
1.296830
1.116822
0.440275
1.422634
1.761934
0.973180
0.305229
-0.887053
0.091311
0.297306
0.109194
-0.638822
0.386744
0.445112
-0.075017
-0.778428
0.259811
-1.238993
0.125374
-0.612924
0.550480
0.568142
0.218754
-0.176674
0.231819
0.239698
0.009998
0.374689
0.361241
-0.912041
-0.208187
-0.563326
-0.333330
-0.545422
-0.439437
0.996900
0.951269
-0.140362
-0.875448
-0.260694
-1.140749
-0.981037
-1.358733
-1.156593
0.040712
0.498161
0.473017
-0.462732
-0.826222
-0.484168
0.279578
-0.934464
0.025624
-0.124553
0.384225
0.246878
0.720792
1.040896
-0.392584
0.158161
-0.970498
0.109135
0.524727
1.792922
1.059270
0.267441
0.487009
-1.011694
-0.705611
0.199641
0.530610
-0.226859
-1.088805
-0.021326
0.514870
-0.566645
0.430910
-0.583028
-0.438151
-1.159105
0.660616
0.519697
0.784321
1.544613
0.372656
-0.306188
0.258458
0.937041
0.167665
0.116339
-0.448341
-0.113996
-0.517124
0.826177
0.080592
1.148879
1.293523
0.253656
-0.009792
-0.522792
0.290987
1.208787
0.705460
-0.145444
-0.307271
0.096551
0.586582
-0.946104
0.639217
0.747347
-0.055100
-0.306990
-0.404542
0.416841
-0.129417
0.263677
0.041578
0.947311
2.192013
0.702728
0.609122
-0.107093
-0.094110
0.244587
-0.371314
-0.421133
-0.767807
-0.460205
-0.517315
0.144374
0.498320
-0.409586
-1.129098
-0.667721
-1.102713
-0.630652
0.081412
-0.518799
1.081050
0.469582
0.067324
-0.608983
-0.734387
-0.272778
-1.376256
0.029812
-0.260473
-0.108535
-0.447073
0.014778
-0.538815
-0.656150
0.329314
-1.103539
-0.630819
-0.076731
-0.609938
-0.122220
-0.610205
0.657784
1.456071
-0.044982
0.274710
-0.169923
-0.405206
0.599608
-0.955183
-1.130376
-0.933130
-0.582052
0.010292
-0.320206
0.565463
-0.539485
0.074320
0.463882
1.618659
0.436500
0.258177
-0.967066
-0.340464
-0.263916
-0.843522
-1.062511
-0.975162
-0.168617
-0.438684
0.268501
0.851392
1.682980
1.154915
-0.073921
1.372777
0.271442
0.887937
0.706324
0.131299
0.826247
-0.364706
-0.155163
0.013075
0.429950
-0.002440
-1.050417
-0.610223
-0.053551
0.421868
0.653493
0.410685
0.153990
0.312409
0.442315
0.460695
0.730965
-0.033232
0.161679
-0.334085
-0.312631
-0.400965
-0.168131
-0.514036
-0.300611
0.425985
0.385553
0.802056
0.336991
-0.447391
0.090939
0.148619
2.042932
-0.123421
0.267763
-1.573448
-0.467928
-0.152998
-0.330552
-1.189886
0.484326
1.159817
0.713610
0.208718
-0.588131
-0.231825
0.358133
0.597291
-0.606525
-0.602873
-0.054685
-0.020048
-0.033358
-0.389564
-0.247359
0.272419
-0.543485
-0.149709
0.812734
-1.005371
-0.414726
-1.526205
-1.176343
-0.901059
-1.382397
-0.767383
-0.373473
0.371260
-0.115450
-0.060740
0.234173
-0.116486
-0.017272
0.432270
0.106660
0.032332
0.862996
1.378358
1.288379
0.814764
-0.554110
0.060991
0.001510
-0.083123
0.322778
-0.024727
-1.529864
-0.829744
0.055137
-0.249203
-0.036211
-0.422419
0.807568
0.477123
-0.011077
0.357016
0.055078
-0.803447
-0.462542
-0.399128
-0.074908
0.895438
-0.328202
0.231131
-0.255789
0.536638
-0.068472
0.430676
-0.076296
-0.110463
-0.032278
0.043893
0.388914
0.033245
0.033756
0.039541
-0.489490
0.168563
0.062733
-0.337152
0.009077
0.490313
-0.643086
0.696409
-0.461662
-0.379181
-0.019916
-0.798749
-0.628402
-0.483974
-0.704448
1.384406
0.821947
0.627707
0.135605
-0.869463
-0.001207
-0.101906
0.139748
0.647381
0.057487
0.817236
-0.589637
0.181492
-0.544726
1.080289
0.417963
-0.231170
-0.035837
0.294014
0.174315
0.240119
-0.225340
-1.156272
0.459946
0.940658
-0.310379
-0.531143
-0.676029
-0.499859
-0.169793
-0.070286
-0.273616
0.071771
1.916679
0.548767
0.463817
-0.331502
0.947580
0.914500
0.473518
0.088872
-0.372731
-0.915465
-0.995451
-0.235566
0.023449
-0.112138
-0.091405
-0.322878
-0.203427
-0.348564
-0.780299
-0.695488
-0.463696
0.147357
-0.383060
0.218301
0.090448
0.318301
-0.116181
0.445881
0.574327
0.416516
0.681660
-0.247365
-0.275369
-0.126767
-0.610471
0.519254
-0.332614
0.027864
-0.239328
0.185824
-0.321477
-0.514678
-0.312505
-1.071472
-0.714540
-0.290497
-0.733065
0.502638
1.531391
0.100911
-0.169614
-0.963488
0.733176
0.215074
-0.003173
-0.353638
-0.581239
-0.715315
0.105818
-0.576694
0.532816
0.159385
1.634424
0.350781
-0.840031
-0.192288
0.418261
0.865038
0.813796
-0.822158
-0.132121
-0.121428
-0.550529
0.296235
0.557746
0.283843
0.078926
-0.052855
0.598318
0.230885
-0.010200
-0.641930
0.080911
-0.388273
-0.613379
0.170841
0.771712
0.234155
-1.156613
-0.268864
-0.154050
0.806380
0.421480
0.717971
-0.572664
-0.302526
-0.142504
0.474594
0.014840
-0.386475
-0.022670
-0.480788
0.828534
-0.594665
-0.614310
0.131569
0.537339
0.394264
0.414067
0.048471
0.838279
0.628328
-1.509602
-1.004143
-0.132795
0.466863
0.095869
-1.519244
-0.499389
-0.806345
-0.634826
0.801212
-0.050911
0.896487
0.146826
-0.000882
1.403800
-0.442225
0.233357
-0.540778
-0.479249
0.513019
-0.525559
-0.213940
-0.336367
0.766009
-0.025999
0.513791
-0.265352
-0.298245
-0.422624
-0.003338
0.400620
-0.425349
0.300549
-0.651519
-0.170364
-0.701970
0.809814
0.685515
0.040466
-0.115382
1.009244
2.323774
1.172563
0.173757
1.116320
0.655357
0.693025
0.094961
0.941233
1.828128
0.481751
0.553370
1.134441
0.873039
1.319011
-0.399666
0.152302
0.212625
0.859272
-0.194761
-0.108988
-0.209253
-0.527649
-0.430706
0.301043
0.116431
0.291846
0.422691
-0.445121
-0.989886
0.040682
0.449717
1.060838
0.139615
0.752534
1.069176
-0.480935
-0.418687
-0.500411
0.308305
0.129661
0.614303
-0.206997
-0.539189
0.292702
-0.693296
0.307160
-0.930299
-0.161793
-1.281014
-0.778643
-0.008339
0.237948
0.119189
0.615423
-0.075720
0.188361
1.179895
-0.724605
-0.189560
-0.380054
0.733818
0.012981
-0.205954
0.113920
0.089232
0.348951
1.165832
0.646332
-0.271183
-0.049660
1.881384
0.355267
0.289821
-0.093848
-0.260118
-0.042169
0.482983
-1.635159
-0.775116
0.115739
0.382582
0.619077
-0.505257
0.419919
0.433080
0.715839
0.091906
0.707217
1.040260
1.039917
0.581841
-0.088149
0.044188
0.240176
0.239540
-0.087223
-0.288479
0.490368
-0.164126
1.212298
-0.449255
-0.148257
-0.554544
-0.187235
-0.097743
-0.956077
-1.019813
-0.091208
0.273431
1.046621
0.609970
-0.478441
0.413952
1.196960
0.509333
-0.300035
0.347659
-0.278952
1.188952
0.979706
-0.199104
-0.456131
-0.809516
0.218454
-0.130366
-0.860890
0.856796
1.946633
0.619818
1.186066
0.602303
-0.468733
0.013134
0.162590
-0.070724
-0.534099
-1.178257
-0.400646
0.262766
-0.514923
0.063862
0.571950
0.049852
0.076123
-0.123160
0.050821
0.518667
0.902431
0.601066
0.999117
0.102799
0.308354
-0.696200
0.292745
0.309639
-0.632967
0.482216
0.480694
0.954821
-0.492860
0.879851
0.910975
0.676405
-0.055394
0.888013
0.571247
0.940792
0.275885
-0.360199
1.460074
1.226840
1.256561
0.014737
0.684077
-0.131895
-0.823718
-0.941575
-0.709798
-0.315064
-0.683852
-0.552543
-1.263911
-1.462812
-0.843617
-1.452779
-0.388778
0.050953
-0.214267
0.265615
-0.962436
-1.680073
-0.598648
0.112246
-0.129278
-0.153721
0.681576
-0.148475
0.011263
0.314229
1.344386
-0.263629
0.056234
-0.480340
0.302423
-0.470790
-0.232271
0.680726
1.273833
0.554804
0.425385
-0.331485
0.321145
-0.349937
-0.773937
-2.029050
-0.997186
0.003029
0.061523
-0.463925
-0.613954
-0.660433
-1.504341
-0.735578
0.503040
0.788302
0.628013
-0.310593
-0.822444
0.381407
-0.128144
0.038504
0.426768
-0.349986
-0.715892
-0.480165
0.014632
0.222052
0.124504
0.466011
0.733410
-0.029924
-0.929178
0.194171
-0.275060
-0.108175
-0.238050
-1.133512
-1.321789
-1.701119
0.192848
-0.041845
0.511568
0.809386
0.150929
-0.537778
-0.502587
0.842408
0.978534
0.242805
0.106954
0.010234
-0.963104
0.000637
0.614453
-0.134638
-0.089671
0.725347
-0.240321
-0.091243
0.840573
-0.491305
-0.411785
0.496875
0.836353
1.629561
1.003222
0.425906
-0.524641
-0.262554
0.066988
-1.518614
-0.172420
-0.833224
0.808874
0.135271
0.953060
0.534547
0.174847
-0.015207
0.109398
-0.266837
0.097108
0.905837
-0.009055
0.061011
0.936856
1.096970
0.715419
1.233118
0.543217
0.696724
1.029439
1.012408
0.543971
0.122424
0.266438
0.127085
-0.515876
-1.061214
0.279475
0.036093
0.494501
0.627012
0.486725
1.437034
0.367253
0.878605
0.397926
0.600810
0.558706
0.005248
0.548313
-0.586315
-1.629887
-0.953927
-0.440056
0.438844
0.304399
-0.145696
-0.546645
-0.157627
-0.322343
0.310559
-1.054507
-0.060429
0.230032
0.148866
-0.389171
-0.238406
0.475454
0.629924
0.686048
0.846553
0.671014
-0.238407
-0.600410
-0.052127
-0.104649
1.254257
1.269561
-0.244685
-0.238848
-0.690008
0.128540
-0.903744
-0.803196
0.137207
-0.196673
0.263304
-1.166874
0.014784
0.808182
0.199810
-0.322173
0.719089
0.127786
1.294783
0.816787
0.050656
0.190416
-0.451868
-0.068383
0.228050
0.231976
-0.118005
-1.331800
0.147863
0.563848
0.096458
-0.891157
-0.182946
-0.162254
-0.169102
-0.951505
-0.942823
-0.068996
0.772775
0.114386
0.822463
0.006295
-0.314799
-0.967401
-1.059310
-0.327165
0.729268
-0.093897
0.402174
0.290620
0.939675
-0.274209
0.169838
-1.322821
-0.220501
-0.687809
-0.587768
-0.505672
-0.709939
0.316468
-0.172531
0.577882
0.323871
-0.169859
-0.067672
0.329589
0.083098
-0.616437
0.027288
-0.683906
-0.057665
-0.294762
-0.185786
-0.106435
0.208865
0.451348
0.041998
-0.601245
0.124084
-0.647703
-0.489237
0.545304
1.526639
0.438082
0.632330
0.168227
0.719673
1.386270
0.374577
0.025257
0.153527
0.055934
0.567581
1.625791
0.409071
-0.312495
-1.120182
0.114292
-0.088703
-1.118070
-0.402915
0.017594
-0.216154
-0.320189
-0.974301
0.051090
-0.518612
-0.688601
0.720968
-0.394477
-0.017856
0.820583
0.438210
0.770199
0.549806
0.618858
-0.743274
-0.008334
0.482312
0.023927
-0.173812
-1.302176
-0.182457
0.829645
0.048036
-0.753111
-1.653659
-1.626000
0.011436
-0.431949
0.014635
0.282769
-0.671759
-0.264814
-0.502229
-0.948478
0.213148
0.251555
-0.141934
-0.078040
-0.092670
-0.336171
0.400572
0.244704
0.177681
0.255149
-0.716241
1.328860
-0.119770
-0.815132
-0.555591
-1.062627
0.674363
-0.399228
-0.351569
-0.078836
1.135723
-0.098415
0.522240
0.817496
-0.554300
0.543430
0.830897
0.140705
-0.019853
-0.624619
0.044318
-0.165237
-0.629100
-0.270819
-0.326770
-0.075185
0.154611
