1 0.000000 
 2 0.000000 
 3 0.000000 
 4 0.000000 
 5 0.000000 
 6 0.000000 
 7 0.000000 
 8 0.000000 
 9 0.000000 
 10 0.000000 
 11 0.000000 
 12 0.000000 
 13 0.069097 
 14 0.069412 
 15 0.067806 
 16 0.086479 
 17 0.174116 
 18 0.166464 
 19 0.160904 
 20 0.155961 
 21 0.211245 
 22 0.225565 
 23 0.215800 
 24 0.282444 
 25 0.326094 
 26 0.317126 
 27 0.305515 
 28 0.294604 
 29 0.287510 
 30 0.281395 
 31 0.278638 
 32 0.274894 
 33 0.302021 
 34 0.301488 
 35 0.299396 
 36 0.291105 
 37 0.283780 
 38 0.278055 
 39 0.297026 
 40 0.295968 
 41 0.295349 
 42 0.294760 
 43 0.288822 
 44 0.298249 
 45 0.298976 
 46 0.292698 
 47 0.287783 
 48 0.282118 
 49 0.277153 
 50 0.273865 
 51 0.276746 
 52 0.271506 
 53 0.266614 
 54 0.261697 
 55 0.257966 
 56 0.261810 
 57 0.261988 
 58 0.257471 
 59 0.267582 
 60 0.269418 
 61 0.265003 
 62 0.261283 
 63 0.303296 
 64 0.309339 
 65 0.305427 
 66 0.301454 
 67 0.298663 
 68 0.295781 
 69 0.292338 
 70 0.288698 
 71 0.285117 
 72 0.281240 
 73 0.281386 
 74 0.277840 
 75 0.281321 
 76 0.278880 
 77 0.287202 
 78 0.285615 
 79 0.283961 
 80 0.280961 
 81 0.277496 
 82 0.276660 
 83 0.273950 
 84 0.271913 
 85 0.273747 
 86 0.271986 
 87 0.277175 
 88 0.274912 
 89 0.273614 
 90 0.271162 
 91 0.271829 
 92 0.270201 
 93 0.267364 
 94 0.286587 
 95 0.293756 
 96 0.296754 
 97 0.304053 
 98 0.302158 
 99 0.302214 
 100 0.301483 
 101 0.298976 
 102 0.300095 
 103 0.300120 
 104 0.299392 
 105 0.303479 
 106 0.310984 
 107 0.319500 
 108 0.316748 
 109 0.356653 
 110 0.355117 
 111 0.351969 
 112 0.349135 
 113 0.350256 
 114 0.353376 
 115 0.353098 
 116 0.374898 
 117 0.371821 
 118 0.369589 
 119 0.371892 
 120 0.368877 
 121 0.367435 
 122 0.369477 
 123 0.368117 
 124 0.365361 
 125 0.363025 
 126 0.362351 
 127 0.362147 
 128 0.360689 
 129 0.364187 
 130 0.362145 
 131 0.359742 
 132 0.364730 
 133 0.365939 
 134 0.374931 
 135 0.372573 
 136 0.370858 
 137 0.375337 
 138 0.378996 
 139 0.381931 
 140 0.388257 
 141 0.387345 
 142 0.384626 
 143 0.383860 
 144 0.381197 
 145 0.394922 
 146 0.392622 
 147 0.391624 
 148 0.389960 
 149 0.400480 
 150 0.406040 
 151 0.403505 
 152 0.400883 
 153 0.398503 
 154 0.395939 
 155 0.396081 
 156 0.393949 
 157 0.391801 
 158 0.396932 
 159 0.394436 
 160 0.394297 
 161 0.394724 
 162 0.393905 
 163 0.392788 
 164 0.390394 
 165 0.389263 
 166 0.390124 
 167 0.396256 
 168 0.404675 
 169 0.406888 
 170 0.404897 
 171 0.404422 
 172 0.403202 
 173 0.401062 
 174 0.398783 
 175 0.397004 
 176 0.394752 
 177 0.401364 
 178 0.401024 
 179 0.399723 
 180 0.399526 
 181 0.405881 
 182 0.403651 
 183 0.405913 
 184 0.403738 
 185 0.402386 
 186 0.408673 
 187 0.406803 
 188 0.406352 
 189 0.404879 
 190 0.402977 
 191 0.401896 
 192 0.399820 
 193 0.398429 
 194 0.406688 
 195 0.412736 
 196 0.412000 
 197 0.413003 
 198 0.414669 
 199 0.415476 
 200 0.413400 
 201 0.411419 
 202 0.410308 
 203 0.408970 
 204 0.410360 
 205 0.408821 
 206 0.407187 
 207 0.408180 
 208 0.406971 
 209 0.405467 
 210 0.405109 
 211 0.405404 
 212 0.406429 
 213 0.405587 
 214 0.403851 
 215 0.402000 
 216 0.400509 
 217 0.407132 
 218 0.406594 
 219 0.406936 
 220 0.410031 
 221 0.410794 
 222 0.409970 
 223 0.409189 
 224 0.408191 
 225 0.406690 
 226 0.409257 
 227 0.407738 
 228 0.406293 
 229 0.404546 
 230 0.403635 
 231 0.405402 
 232 0.405614 
 233 0.408325 
 234 0.409718 
 235 0.408842 
 236 0.410278 
 237 0.410267 
 238 0.412461 
 239 0.411615 
 240 0.410046 
 241 0.408466 
 242 0.416699 
 243 0.418007 
 244 0.417812 
 245 0.416383 
 246 0.423935 
 247 0.423795 
 248 0.422889 
 249 0.421736 
 250 0.420388 
 251 0.420139 
 252 0.420566 
 253 0.420461 
 254 0.422081 
 255 0.428961 
 256 0.428382 
 257 0.427040 
 258 0.425562 
 259 0.424766 
 260 0.427300 
 261 0.425739 
 262 0.428407 
 263 0.427593 
 264 0.427828 
 265 0.432408 
 266 0.431870 
 267 0.430540 
 268 0.428936 
 269 0.427381 
 270 0.426972 
 271 0.425621 
 272 0.424111 
 273 0.422726 
 274 0.424174 
 275 0.424117 
 276 0.423130 
 277 0.421959 
 278 0.421502 
 279 0.422205 
 280 0.421274 
 281 0.427752 
 282 0.426788 
 283 0.425296 
 284 0.424134 
 285 0.428468 
 286 0.427237 
 287 0.427144 
 288 0.425698 
 289 0.425339 
 290 0.424207 
 291 0.423687 
 292 0.422635 
 293 0.426284 
 294 0.430087 
 295 0.428651 
 296 0.428844 
 297 0.431528 
 298 0.431183 
 299 0.433982 
 300 0.433031 
 301 0.433417 
 302 0.432009 
 303 0.431623 
 304 0.430239 
 305 0.429125 
 306 0.428759 
 307 0.427772 
 308 0.427046 
 309 0.426862 
 310 0.426123 
 311 0.424860 
 312 0.423786 
 313 0.422539 
 314 0.421312 
 315 0.420586 
 316 0.420296 
 317 0.419077 
 318 0.418165 
 319 0.416878 
 320 0.417344 
 321 0.419734 
 322 0.418437 
 323 0.418792 
 324 0.420249 
 325 0.419349 
 326 0.422125 
 327 0.420946 
 328 0.421774 
 329 0.427024 
 330 0.425870 
 331 0.426588 
 332 0.426227 
 333 0.425275 
 334 0.426436 
 335 0.425236 
 336 0.423994 
 337 0.423282 
 338 0.422117 
 339 0.421179 
 340 0.423309 
 341 0.426404 
 342 0.425161 
 343 0.424261 
 344 0.423121 
 345 0.421922 
 346 0.420729 
 347 0.420105 
 348 0.418913 
 349 0.421792 
 350 0.421688 
 351 0.420554 
 352 0.421036 
 353 0.420581 
 354 0.419393 
 355 0.418581 
 356 0.417710 
 357 0.417039 
 358 0.415958 
 359 0.416433 
 360 0.417656 
 361 0.417070 
 362 0.416004 
 363 0.415645 
 364 0.425583 
 365 0.425187 
 366 0.424474 
 367 0.423754 
 368 0.425300 
 369 0.424206 
 370 0.424135 
 371 0.424242 
 372 0.428246 
 373 0.428132 
 374 0.427033 
 375 0.425898 
 376 0.425524 
 377 0.424664 
 378 0.423928 
 379 0.424999 
 380 0.424351 
 381 0.423297 
 382 0.425891 
 383 0.434289 
 384 0.433425 
 385 0.433258 
 386 0.432156 
 387 0.440641 
 388 0.439552 
 389 0.439229 
 390 0.438450 
 391 0.438156 
 392 0.437160 
 393 0.436263 
 394 0.441241 
 395 0.440566 
 396 0.439841 
 397 0.438756 
 398 0.438729 
 399 0.441283 
 400 0.440435 
 401 0.439454 
 402 0.439534 
 403 0.440693 
 404 0.439612 
 405 0.439839 
 406 0.438777 
 407 0.437903 
 408 0.437540 
 409 0.436557 
 410 0.442210 
 411 0.441805 
 412 0.440789 
 413 0.439996 
 414 0.439138 
 415 0.439596 
 416 0.438951 
 417 0.440159 
 418 0.439190 
 419 0.442978 
 420 0.442100 
 421 0.442508 
 422 0.442483 
 423 0.441496 
 424 0.441992 
 425 0.441705 
 426 0.440774 
 427 0.440538 
 428 0.440618 
 429 0.439593 
 430 0.440059 
 431 0.441910 
 432 0.442006 
 433 0.441382 
 434 0.440390 
 435 0.440457 
 436 0.439950 
 437 0.439563 
 438 0.438682 
 439 0.437776 
 440 0.437031 
 441 0.436665 
 442 0.435680 
 443 0.435338 
 444 0.436343 
 445 0.435470 
 446 0.435032 
 447 0.434113 
 448 0.433204 
 449 0.434959 
 450 0.438876 
 451 0.441476 
 452 0.440547 
 453 0.439587 
 454 0.438643 
 455 0.447723 
 456 0.448032 
 457 0.447551 
 458 0.446595 
 459 0.445647 
 460 0.444765 
 461 0.444774 
 462 0.443815 
 463 0.442864 
 464 0.443052 
 465 0.444604 
 466 0.447865 
 467 0.446947 
 468 0.448024 
 469 0.447082 
 470 0.446178 
 471 0.445340 
 472 0.444401 
 473 0.443896 
 474 0.447204 
 475 0.446602 
 476 0.446261 
 477 0.446927 
 478 0.446519 
 479 0.446573 
 480 0.446514 
 481 0.448824 
 482 0.448060 
 483 0.447465 
 484 0.448283 
 485 0.447779 
 486 0.447084 
 487 0.446209 
 488 0.445841 
 489 0.445340 
 490 0.445941 
 491 0.445333 
 492 0.447949 
 493 0.447293 
 494 0.446607 
 495 0.446317 
 496 0.445470 
 497 0.444766 
 498 0.443883 
 499 0.444008 
 500 0.448619 
 501 0.448460 
 502 0.447583 
 503 0.447114 
 504 0.449702 
 505 0.449724 
 506 0.450326 
 507 0.449601 
 508 0.449358 
 509 0.449589 
 510 0.449364 
 511 0.451046 
 512 0.453664 
 513 0.453294 
 514 0.453597 
 515 0.453336 
 516 0.452563 
 517 0.451837 
 518 0.451233 
 519 0.454842 
 520 0.453975 
 521 0.454233 
 522 0.453897 
 523 0.454606 
 524 0.454197 
 525 0.453999 
 526 0.453574 
 527 0.454649 
 528 0.453835 
 529 0.453662 
 530 0.453594 
 531 0.453171 
 532 0.453129 
 533 0.454525 
 534 0.453682 
 535 0.454416 
 536 0.453570 
 537 0.452969 
 538 0.452189 
 539 0.451665 
 540 0.451099 
 541 0.450545 
 542 0.450395 
 543 0.449950 
 544 0.449335 
 545 0.448877 
 546 0.448338 
 547 0.447567 
 548 0.446981 
 549 0.446218 
 550 0.445799 
 551 0.448003 
 552 0.447221 
 553 0.450548 
 554 0.449779 
 555 0.448969 
 556 0.450826 
 557 0.450334 
 558 0.449715 
 559 0.449207 
 560 0.449852 
 561 0.449202 
 562 0.448595 
 563 0.447946 
 564 0.447181 
 565 0.446394 
 566 0.446872 
 567 0.446218 
 568 0.445524 
 569 0.447544 
 570 0.447258 
 571 0.446721 
 572 0.446271 
 573 0.446106 
 574 0.445616 
 575 0.444846 
 576 0.451481 
 577 0.451629 
 578 0.453640 
 579 0.454739 
 580 0.455168 
 581 0.454728 
 582 0.454704 
 583 0.454596 
 584 0.454019 
 585 0.454033 
 586 0.454710 
 587 0.454634 
 588 0.454189 
 589 0.456146 
 590 0.458608 
 591 0.458149 
 592 0.457872 
 593 0.461057 
 594 0.460435 
 595 0.459858 
 596 0.459833 
 597 0.459708 
 598 0.460590 
 599 0.460190 
 600 0.460799 
 601 0.460033 
 602 0.461096 
 603 0.461033 
 604 0.460689 
 605 0.459954 
 606 0.459336 
 607 0.458628 
 608 0.457957 
 609 0.458017 
 610 0.460204 
 611 0.463346 
 612 0.463280 
 613 0.462917 
 614 0.462961 
 615 0.462209 
 616 0.461493 
 617 0.461924 
 618 0.467818 
 619 0.467189 
 620 0.467253 
 621 0.466838 
 622 0.468443 
 623 0.468256 
 624 0.468391 
 625 0.467953 
 626 0.467288 
 627 0.467431 
 628 0.466688 
 629 0.467941 
 630 0.467926 
 631 0.469407 
 632 0.468869 
 633 0.468499 
 634 0.468131 
 635 0.467412 
 636 0.467104 
 637 0.467695 
 638 0.467468 
 639 0.468734 
 640 0.468005 
 641 0.467416 
 642 0.467568 
 643 0.466958 
 644 0.466638 
 645 0.466390 
 646 0.465819 
 647 0.465160 
 648 0.466611 
 649 0.465894 
 650 0.469626 
 651 0.469033 
 652 0.468335 
 653 0.467949 
 654 0.467295 
 655 0.467086 
 656 0.466919 
 657 0.466251 
 658 0.465961 
 659 0.465976 
 660 0.465371 
 661 0.464785 
 662 0.464090 
 663 0.463625 
 664 0.463062 
 665 0.462428 
 666 0.464770 
 667 0.464783 
 668 0.467201 
 669 0.466512 
 670 0.465847 
 671 0.465563 
 672 0.464888 
 673 0.464975 
 674 0.464311 
 675 0.464230 
 676 0.463556 
 677 0.463614 
 678 0.463073 
 679 0.463251 
 680 0.462894 
 681 0.462902 
 682 0.464250 
 683 0.464470 
 684 0.463993 
 685 0.469071 
 686 0.468596 
 687 0.467946 
 688 0.467298 
 689 0.468441 
 690 0.467788 
 691 0.467886 
 692 0.467559 
 693 0.467745 
 694 0.467378 
 695 0.466903 
 696 0.467215 
 697 0.466554 
 698 0.466220 
 699 0.465580 
 700 0.464920 
 701 0.465079 
 702 0.464833 
 703 0.464194 
 704 0.463612 
 705 0.463041 
 706 0.462737 
 707 0.462673 
 708 0.465089 
 709 0.464574 
 710 0.463921 
 711 0.463382 
 712 0.464949 
 713 0.466608 
 714 0.465957 
 715 0.467429 
 716 0.467715 
 717 0.467768 
 718 0.467130 
 719 0.467233 
 720 0.466585 
 721 0.467449 
 722 0.466802 
 723 0.468377 
 724 0.467748 
 725 0.467766 
 726 0.467449 
 727 0.466824 
 728 0.469278 
 729 0.469375 
 730 0.468817 
 731 0.468505 
 732 0.469097 
 733 0.468581 
 734 0.468129 
 735 0.467523 
 736 0.467396 
 737 0.468282 
 738 0.468355 
 739 0.468080 
 740 0.470081 
 741 0.477485 
 742 0.476910 
 743 0.476279 
 744 0.476118 
 745 0.475480 
 746 0.476873 
 747 0.476260 
 748 0.475646 
 749 0.475223 
 750 0.474993 
 751 0.474507 
 752 0.473881 
 753 0.475245 
 754 0.475768 
 755 0.475583 
 756 0.474961 
 757 0.474659 
 758 0.474251 
 759 0.474262 
 760 0.473741 
 761 0.473211 
 762 0.473199 
 763 0.472579 
 764 0.475707 
 765 0.475401 
 766 0.475095 
 767 0.475674 
 768 0.476333 
 769 0.475713 
 770 0.475192 
 771 0.475757 
 772 0.475327 
 773 0.475015 
 774 0.474515 
 775 0.474430 
 776 0.474601 
 777 0.474860 
 778 0.474387 
 779 0.473778 
 780 0.473798 
 781 0.474162 
 782 0.473658 
 783 0.473268 
 784 0.474027 
 785 0.475877 
 786 0.475544 
 787 0.475106 
 788 0.474644 
 789 0.474047 
 790 0.474403 
 791 0.474512 
 792 0.474007 
 793 0.473560 
 794 0.473106 
 795 0.472683 
 796 0.472466 
 797 0.472053 
 798 0.473710 
 799 0.474427 
 800 0.473853 
 801 0.473848 
 802 0.474264 
 803 0.474105 
 804 0.475232 
 805 0.475213 
 806 0.475950 
 807 0.475790 
 808 0.477275 
 809 0.481441 
 810 0.480998 
 811 0.481311 
 812 0.483478 
 813 0.482900 
 814 0.482316 
 815 0.481940 
 816 0.481763 
 817 0.481175 
 818 0.480593 
 819 0.480934 
 820 0.480831 
 821 0.480248 
 822 0.479878 
 823 0.490674 
 824 0.490175 
 825 0.489888 
 826 0.493335 
 827 0.492756 
 828 0.492161 
 829 0.492027 
 830 0.492719 
 831 0.492953 
 832 0.496016 
 833 0.495423 
 834 0.494942 
 835 0.494481 
 836 0.494596 
 837 0.494532 
 838 0.494062 
 839 0.493918 
 840 0.493457 
 841 0.493124 
 842 0.493446 
 843 0.493259 
 844 0.492689 
 845 0.493266 
 846 0.492815 
 847 0.492980 
 848 0.492662 
 849 0.492112 
 850 0.491991 
 851 0.491580 
 852 0.491762 
 853 0.491187 
 854 0.490673 
 855 0.490119 
 856 0.489552 
 857 0.488986 
 858 0.488416 
 859 0.487878 
 860 0.487400 
 861 0.486873 
 862 0.486430 
 863 0.485877 
 864 0.486039 
 865 0.485523 
 866 0.485122 
 867 0.484573 
 868 0.484365 
 869 0.483821 
 870 0.483642 
 871 0.484569 
 872 0.486599 
 873 0.486466 
 874 0.486336 
 875 0.486061 
 876 0.485511 
 877 0.485421 
 878 0.485200 
 879 0.484800 
 880 0.486204 
 881 0.486966 
 882 0.486549 
 883 0.486274 
 884 0.486024 
 885 0.485508 
 886 0.485119 
 887 0.484962 
 888 0.484701 
 889 0.484177 
 890 0.483637 
 891 0.484649 
 892 0.484187 
 893 0.483660 
 894 0.484707 
 895 0.485726 
 896 0.485248 
 897 0.484725 
 898 0.486778 
 899 0.486330 
 900 0.486035 
 901 0.487449 
 902 0.488145 
 903 0.487986 
 904 0.487680 
 905 0.487616 
 906 0.487212 
 907 0.486744 
 908 0.486221 
 909 0.485707 
 910 0.485174 
 911 0.484667 
 912 0.484156 
 913 0.485252 
 914 0.485683 
 915 0.487028 
 916 0.486719 
 917 0.486232 
 918 0.486516 
 919 0.486040 
 920 0.485713 
 921 0.485238 
 922 0.484712 
 923 0.484214 
 924 0.484364 
 925 0.484634 
 926 0.484568 
 927 0.484167 
 928 0.483839 
 929 0.483783 
 930 0.483389 
 931 0.483462 
 932 0.482945 
 933 0.482500 
 934 0.482008 
 935 0.481517 
 936 0.481498 
 937 0.481320 
 938 0.481722 
 939 0.481558 
 940 0.481480 
 941 0.480979 
 942 0.480571 
 943 0.480704 
 944 0.481442 
 945 0.481249 
 946 0.481267 
 947 0.480841 
 948 0.480546 
 949 0.480083 
 950 0.479583 
 951 0.479129 
 952 0.478725 
 953 0.478539 
 954 0.478136 
 955 0.477721 
 956 0.477234 
 957 0.476810 
 958 0.476328 
 959 0.476107 
 960 0.475652 
 961 0.475270 
 962 0.474820 
 963 0.474532 
 964 0.474071 
 965 0.474980 
 966 0.474919 
 967 0.475159 
 968 0.474738 
 969 0.474532 
 970 0.474173 
 971 0.474626 
 972 0.474491 
 973 0.475729 
 974 0.475431 
 975 0.475178 
 976 0.474835 
 977 0.474460 
 978 0.474090 
 979 0.473941 
 980 0.474062 
 981 0.473629 
 982 0.473400 
 983 0.473068 
 984 0.472725 
 985 0.472602 
 986 0.472203 
 987 0.472748 
 988 0.472502 
 989 0.472094 
 990 0.472501 
 991 0.472572 
 992 0.472163 
 993 0.471798 
 994 0.471332 
 995 0.471398 
 996 0.471023 
 997 0.470552 
 998 0.470306 
 999 0.470183 
 