1 0.000000 
 2 0.000000 
 3 0.000000 
 4 0.000000 
 5 0.000000 
 6 0.000000 
 7 0.000000 
 8 0.000000 
 9 0.000000 
 10 0.000000 
 11 0.000000 
 12 0.000000 
 13 0.000000 
 14 0.000000 
 15 0.000000 
 16 0.000000 
 17 0.000000 
 18 0.000000 
 19 0.000000 
 20 0.000000 
 21 0.000000 
 22 0.000000 
 23 0.000000 
 24 0.000000 
 25 0.000000 
 26 0.000000 
 27 0.000000 
 28 0.000000 
 29 0.000000 
 30 0.000000 
 31 0.000000 
 32 0.000000 
 33 0.000000 
 34 0.000000 
 35 0.000000 
 36 0.001374 
 37 0.003296 
 38 0.003793 
 39 0.007769 
 40 0.008601 
 41 0.011722 
 42 0.042798 
 43 0.059769 
 44 0.062742 
 45 0.069485 
 46 0.068860 
 47 0.079470 
 48 0.092319 
 49 0.094694 
 50 0.103999 
 51 0.103308 
 52 0.106085 
 53 0.104206 
 54 0.111213 
 55 0.117207 
 56 0.119523 
 57 0.118995 
 58 0.122014 
 59 0.150632 
 60 0.163972 
 61 0.167661 
 62 0.165656 
 63 0.197474 
 64 0.200207 
 65 0.198950 
 66 0.206285 
 67 0.216919 
 68 0.217223 
 69 0.257797 
 70 0.254874 
 71 0.259507 
 72 0.285939 
 73 0.288284 
 74 0.285646 
 75 0.282368 
 76 0.280736 
 77 0.289159 
 78 0.285879 
 79 0.285670 
 80 0.282181 
 81 0.279287 
 82 0.280371 
 83 0.283697 
 84 0.280422 
 85 0.279483 
 86 0.281250 
 87 0.289311 
 88 0.291725 
 89 0.291782 
 90 0.297494 
 91 0.296067 
 92 0.297448 
 93 0.296336 
 94 0.293406 
 95 0.294354 
 96 0.317571 
 97 0.314435 
 98 0.332429 
 99 0.332417 
 100 0.335942 
 101 0.341952 
 102 0.339770 
 103 0.340972 
 104 0.341167 
 105 0.339746 
 106 0.336716 
 107 0.333599 
 108 0.331492 
 109 0.330662 
 110 0.328298 
 111 0.325860 
 112 0.322967 
 113 0.320966 
 114 0.324091 
 115 0.322659 
 116 0.319878 
 117 0.320511 
 118 0.318669 
 119 0.320091 
 120 0.317977 
 121 0.315991 
 122 0.313907 
 123 0.321370 
 124 0.318876 
 125 0.316325 
 126 0.317703 
 127 0.315241 
 128 0.313269 
 129 0.310872 
 130 0.308639 
 131 0.313684 
 132 0.314051 
 133 0.316482 
 134 0.320142 
 135 0.317935 
 136 0.320147 
 137 0.318188 
 138 0.320366 
 139 0.318444 
 140 0.317291 
 141 0.318364 
 142 0.321910 
 143 0.320597 
 144 0.320591 
 145 0.319051 
 146 0.317212 
 147 0.315057 
 148 0.319570 
 149 0.317427 
 150 0.316188 
 151 0.316815 
 152 0.315490 
 153 0.313817 
 154 0.316365 
 155 0.314324 
 156 0.313201 
 157 0.312442 
 158 0.310470 
 159 0.308556 
 160 0.307744 
 161 0.307166 
 162 0.310019 
 163 0.308835 
 164 0.307301 
 165 0.307743 
 166 0.307728 
 167 0.321465 
 168 0.319685 
 169 0.317950 
 170 0.316822 
 171 0.315254 
 172 0.314860 
 173 0.317266 
 174 0.315483 
 175 0.313934 
 176 0.312252 
 177 0.312033 
 178 0.310305 
 179 0.312979 
 180 0.313393 
 181 0.312357 
 182 0.311036 
 183 0.316162 
 184 0.314475 
 185 0.313541 
 186 0.316255 
 187 0.314950 
 188 0.313348 
 189 0.312207 
 190 0.312073 
 191 0.310777 
 192 0.309950 
 193 0.309485 
 194 0.308567 
 195 0.307633 
 196 0.307177 
 197 0.312070 
 198 0.312737 
 199 0.316986 
 200 0.317239 
 201 0.315853 
 202 0.314301 
 203 0.323353 
 204 0.326993 
 205 0.325413 
 206 0.325731 
 207 0.324530 
 208 0.323649 
 209 0.326051 
 210 0.325959 
 211 0.324588 
 212 0.324715 
 213 0.324349 
 214 0.324448 
 215 0.323056 
 216 0.323196 
 217 0.322779 
 218 0.321720 
 219 0.320286 
 220 0.318836 
 221 0.317457 
 222 0.317203 
 223 0.318515 
 224 0.325645 
 225 0.324301 
 226 0.322876 
 227 0.324918 
 228 0.327267 
 229 0.325884 
 230 0.324610 
 231 0.328081 
 232 0.326682 
 233 0.327963 
 234 0.326690 
 235 0.325378 
 236 0.326369 
 237 0.324995 
 238 0.324862 
 239 0.324287 
 240 0.323710 
 241 0.322367 
 242 0.322380 
 243 0.331691 
 244 0.330885 
 245 0.332802 
 246 0.331860 
 247 0.331186 
 248 0.330323 
 249 0.333489 
 250 0.334042 
 251 0.332906 
 252 0.331727 
 253 0.330669 
 254 0.330803 
 255 0.330018 
 256 0.328885 
 257 0.331374 
 258 0.338677 
 259 0.338555 
 260 0.337421 
 261 0.340382 
 262 0.339587 
 263 0.338645 
 264 0.337930 
 265 0.339177 
 266 0.338929 
 267 0.340402 
 268 0.339269 
 269 0.338234 
 270 0.337281 
 271 0.338672 
 272 0.338667 
 273 0.339721 
 274 0.340041 
 275 0.340371 
 276 0.339239 
 277 0.338302 
 278 0.337096 
 279 0.335893 
 280 0.338291 
 281 0.337099 
 282 0.336498 
 283 0.335410 
 284 0.335521 
 285 0.334571 
 286 0.333510 
 287 0.335031 
 288 0.337639 
 289 0.339487 
 290 0.338452 
 291 0.337815 
 292 0.336992 
 293 0.336087 
 294 0.335532 
 295 0.334525 
 296 0.334292 
 297 0.333275 
 298 0.336659 
 299 0.335641 
 300 0.335458 
 301 0.334345 
 302 0.335604 
 303 0.335080 
 304 0.334206 
 305 0.333618 
 306 0.332923 
 307 0.335770 
 308 0.335309 
 309 0.334426 
 310 0.341744 
 311 0.340743 
 312 0.342696 
 313 0.343461 
 314 0.342381 
 315 0.342135 
 316 0.342469 
 317 0.341560 
 318 0.342373 
 319 0.346641 
 320 0.345558 
 321 0.344511 
 322 0.345574 
 323 0.344918 
 324 0.345126 
 325 0.344254 
 326 0.345987 
 327 0.344975 
 328 0.343928 
 329 0.343301 
 330 0.343461 
 331 0.344823 
 332 0.343798 
 333 0.344280 
 334 0.343304 
 335 0.342279 
 336 0.341929 
 337 0.341075 
 338 0.341189 
 339 0.340904 
 340 0.345648 
 341 0.344780 
 342 0.345478 
 343 0.345383 
 344 0.346796 
 345 0.346149 
 346 0.347017 
 347 0.346168 
 348 0.345214 
 349 0.345366 
 350 0.344388 
 351 0.343566 
 352 0.345984 
 353 0.346093 
 354 0.346221 
 355 0.350750 
 356 0.350205 
 357 0.350280 
 358 0.350026 
 359 0.352106 
 360 0.351209 
 361 0.352548 
 362 0.351956 
 363 0.351340 
 364 0.354078 
 365 0.366377 
 366 0.365376 
 367 0.365387 
 368 0.364836 
 369 0.370593 
 370 0.369888 
 371 0.368917 
 372 0.367936 
 373 0.367903 
 374 0.367833 
 375 0.366868 
 376 0.365892 
 377 0.364935 
 378 0.364534 
 379 0.364039 
 380 0.363318 
 381 0.362369 
 382 0.371940 
 383 0.371673 
 384 0.377213 
 385 0.376752 
 386 0.380371 
 387 0.380442 
 388 0.379472 
 389 0.379075 
 390 0.378367 
 391 0.377930 
 392 0.377199 
 393 0.376245 
 394 0.376025 
 395 0.375185 
 396 0.374252 
 397 0.373348 
 398 0.372840 
 399 0.372277 
 400 0.371568 
 401 0.371101 
 402 0.370427 
 403 0.369728 
 404 0.369197 
 405 0.369106 
 406 0.369420 
 407 0.368993 
 408 0.368170 
 409 0.369470 
 410 0.368884 
 411 0.368595 
 412 0.371393 
 413 0.370729 
 414 0.377238 
 415 0.376685 
 416 0.382506 
 417 0.381742 
 418 0.380908 
 419 0.380056 
 420 0.379514 
 421 0.378689 
 422 0.378388 
 423 0.378963 
 424 0.378126 
 425 0.377361 
 426 0.376493 
 427 0.376120 
 428 0.375456 
 429 0.375194 
 430 0.374369 
 431 0.375428 
 432 0.374861 
 433 0.376817 
 434 0.375958 
 435 0.375107 
 436 0.376350 
 437 0.376379 
 438 0.376712 
 439 0.376222 
 440 0.377331 
 441 0.379112 
 442 0.378932 
 443 0.378155 
 444 0.377596 
 445 0.376886 
 446 0.376912 
 447 0.377557 
 448 0.377220 
 449 0.377068 
 450 0.376258 
 451 0.375555 
 452 0.377065 
 453 0.376473 
 454 0.376097 
 455 0.375782 
 456 0.375734 
 457 0.375103 
 458 0.374594 
 459 0.375853 
 460 0.375849 
 461 0.375093 
 462 0.375030 
 463 0.374643 
 464 0.374715 
 465 0.374083 
 466 0.373636 
 467 0.375072 
 468 0.374552 
 469 0.375914 
 470 0.375330 
 471 0.374535 
 472 0.377827 
 473 0.377047 
 474 0.376264 
 475 0.375507 
 476 0.375159 
 477 0.375101 
 478 0.374362 
 479 0.374248 
 480 0.374305 
 481 0.373634 
 482 0.373846 
 483 0.373610 
 484 0.372838 
 485 0.373172 
 486 0.372410 
 487 0.373789 
 488 0.373023 
 489 0.372808 
 490 0.372054 
 491 0.372234 
 492 0.371486 
 493 0.371160 
 494 0.370413 
 495 0.370564 
 496 0.369982 
 497 0.371986 
 498 0.371364 
 499 0.370694 
 500 0.369965 
 501 0.369256 
 502 0.370087 
 503 0.371628 
 504 0.372067 
 505 0.373345 
 506 0.372658 
 507 0.371945 
 508 0.371215 
 509 0.370500 
 510 0.369775 
 511 0.369052 
 512 0.368359 
 513 0.367645 
 514 0.368371 
 515 0.368374 
 516 0.368136 
 517 0.367646 
 518 0.367391 
 519 0.367773 
 520 0.367203 
 521 0.369714 
 522 0.369021 
 523 0.370109 
 524 0.369458 
 525 0.372095 
 526 0.372492 
 527 0.375793 
 528 0.375977 
 529 0.375375 
 530 0.376832 
 531 0.376515 
 532 0.375860 
 533 0.375379 
 534 0.374990 
 535 0.374545 
 536 0.376406 
 537 0.377698 
 538 0.378874 
 539 0.378861 
 540 0.378322 
 541 0.378438 
 542 0.377975 
 543 0.377444 
 544 0.378352 
 545 0.377875 
 546 0.377313 
 547 0.378054 
 548 0.378694 
 549 0.378983 
 550 0.378602 
 551 0.378067 
 552 0.378411 
 553 0.378040 
 554 0.377379 
 555 0.376716 
 556 0.378039 
 557 0.377360 
 558 0.376724 
 559 0.377122 
 560 0.377424 
 561 0.377532 
 562 0.376870 
 563 0.376211 
 564 0.376004 
 565 0.375552 
 566 0.374939 
 567 0.374830 
 568 0.378243 
 569 0.380585 
 570 0.381249 
 571 0.380583 
 572 0.380231 
 573 0.382205 
 574 0.381542 
 575 0.381050 
 576 0.380532 
 577 0.380670 
 578 0.380123 
 579 0.379795 
 580 0.379982 
 581 0.379329 
 582 0.378890 
 583 0.378259 
 584 0.379122 
 585 0.379182 
 586 0.382156 
 587 0.381596 
 588 0.383693 
 589 0.384970 
 590 0.384436 
 591 0.383859 
 592 0.384929 
 593 0.384281 
 594 0.383868 
 595 0.383505 
 596 0.382863 
 597 0.382374 
 598 0.382057 
 599 0.382319 
 600 0.381870 
 601 0.381247 
 602 0.380651 
 603 0.380071 
 604 0.380245 
 605 0.380690 
 606 0.380081 
 607 0.382000 
 608 0.381475 
 609 0.380852 
 610 0.381081 
 611 0.380531 
 612 0.380561 
 613 0.381200 
 614 0.387263 
 615 0.386655 
 616 0.389546 
 617 0.392849 
 618 0.400011 
 619 0.399720 
 620 0.399169 
 621 0.398571 
 622 0.398158 
 623 0.397519 
 624 0.396961 
 625 0.396819 
 626 0.398728 
 627 0.398204 
 628 0.397726 
 629 0.400529 
 630 0.399897 
 631 0.399572 
 632 0.398941 
 633 0.398312 
 634 0.397694 
 635 0.397100 
 636 0.396479 
 637 0.396730 
 638 0.396434 
 639 0.397317 
 640 0.397177 
 641 0.397242 
 642 0.397100 
 643 0.397593 
 644 0.397352 
 645 0.397216 
 646 0.396698 
 647 0.396085 
 648 0.395525 
 649 0.395167 
 650 0.394562 
 651 0.394325 
 652 0.393779 
 653 0.393560 
 654 0.393011 
 655 0.393474 
 656 0.393495 
 657 0.393503 
 658 0.392909 
 659 0.392527 
 660 0.391933 
 661 0.391341 
 662 0.390865 
 663 0.391930 
 664 0.391885 
 665 0.391327 
 666 0.390970 
 667 0.390441 
 668 0.391076 
 669 0.390625 
 670 0.390101 
 671 0.390527 
 672 0.390473 
 673 0.389919 
 674 0.389682 
 675 0.389126 
 676 0.388681 
 677 0.389961 
 678 0.389911 
 679 0.389369 
 680 0.390631 
 681 0.390106 
 682 0.389640 
 683 0.390571 
 684 0.390889 
 685 0.390765 
 686 0.390520 
 687 0.390427 
 688 0.389904 
 689 0.390193 
 690 0.391394 
 691 0.390998 
 692 0.390471 
 693 0.390478 
 694 0.389923 
 695 0.389439 
 696 0.389176 
 697 0.389055 
 698 0.388498 
 699 0.388506 
 700 0.388026 
 701 0.387645 
 702 0.387693 
 703 0.387215 
 704 0.386738 
 705 0.387171 
 706 0.387044 
 707 0.386783 
 708 0.386408 
 709 0.386884 
 710 0.386691 
 711 0.386166 
 712 0.385658 
 713 0.385863 
 714 0.385838 
 715 0.386890 
 716 0.388829 
 717 0.388290 
 718 0.388116 
 719 0.387684 
 720 0.387146 
 721 0.386621 
 722 0.388348 
 723 0.387987 
 724 0.387503 
 725 0.389540 
 726 0.389142 
 727 0.388627 
 728 0.388329 
 729 0.387878 
 730 0.387379 
 731 0.388718 
 732 0.388772 
 733 0.388981 
 734 0.388540 
 735 0.390025 
 736 0.389692 
 737 0.389331 
 738 0.389277 
 739 0.388771 
 740 0.389005 
 741 0.388755 
 742 0.388233 
 743 0.390023 
 744 0.389499 
 745 0.389472 
 746 0.389677 
 747 0.392838 
 748 0.392385 
 749 0.394084 
 750 0.395032 
 751 0.395101 
 752 0.398184 
 753 0.397670 
 754 0.397144 
 755 0.396734 
 756 0.396583 
 757 0.396892 
 758 0.397839 
 759 0.397834 
 760 0.397362 
 761 0.397896 
 762 0.398363 
 763 0.398462 
 764 0.398023 
 765 0.397906 
 766 0.397593 
 767 0.397130 
 768 0.397196 
 769 0.397650 
 770 0.397951 
 771 0.397627 
 772 0.397236 
 773 0.398033 
 774 0.405347 
 775 0.405801 
 776 0.405297 
 777 0.404822 
 778 0.404409 
 779 0.406286 
 780 0.405766 
 781 0.405310 
 782 0.404801 
 783 0.404536 
 784 0.405030 
 785 0.404532 
 786 0.404861 
 787 0.404419 
 788 0.404067 
 789 0.404909 
 790 0.406204 
 791 0.406102 
 792 0.406147 
 793 0.407567 
 794 0.407741 
 795 0.410806 
 796 0.410456 
 797 0.413429 
 798 0.412931 
 799 0.413189 
 800 0.413593 
 801 0.413553 
 802 0.413194 
 803 0.412962 
 804 0.412958 
 805 0.412445 
 806 0.411937 
 807 0.411627 
 808 0.411702 
 809 0.412334 
 810 0.412613 
 811 0.412138 
 812 0.412931 
 813 0.413730 
 814 0.413251 
 815 0.414791 
 816 0.414533 
 817 0.414851 
 818 0.414347 
 819 0.413918 
 820 0.417448 
 821 0.420582 
 822 0.420386 
 823 0.420232 
 824 0.419860 
 825 0.419408 
 826 0.419741 
 827 0.419383 
 828 0.419839 
 829 0.419591 
 830 0.420941 
 831 0.420622 
 832 0.421318 
 833 0.420835 
 834 0.420381 
 835 0.420002 
 836 0.419546 
 837 0.420597 
 838 0.422805 
 839 0.422672 
 840 0.422209 
 841 0.421759 
 842 0.421394 
 843 0.420903 
 844 0.421236 
 845 0.420740 
 846 0.420275 
 847 0.420932 
 848 0.421184 
 849 0.421283 
 850 0.421192 
 851 0.423049 
 852 0.422566 
 853 0.423754 
 854 0.424007 
 855 0.423722 
 856 0.427317 
 857 0.426837 
 858 0.426435 
 859 0.426549 
 860 0.426609 
 861 0.426221 
 862 0.425786 
 863 0.427578 
 864 0.427134 
 865 0.426722 
 866 0.428295 
 867 0.428307 
 868 0.427919 
 869 0.427477 
 870 0.427058 
 871 0.427202 
 872 0.426732 
 873 0.426928 
 874 0.426660 
 875 0.426492 
 876 0.426536 
 877 0.427214 
 878 0.427263 
 879 0.426777 
 880 0.426392 
 881 0.426282 
 882 0.425823 
 883 0.426205 
 884 0.425943 
 885 0.425636 
 886 0.425232 
 887 0.425093 
 888 0.424644 
 889 0.424649 
 890 0.425127 
 891 0.424650 
 892 0.426130 
 893 0.426060 
 894 0.425935 
 895 0.425459 
 896 0.426027 
 897 0.425750 
 898 0.425832 
 899 0.425405 
 900 0.425521 
 901 0.425093 
 902 0.424901 
 903 0.424471 
 904 0.424049 
 905 0.423957 
 906 0.423604 
 907 0.423138 
 908 0.422681 
 909 0.422384 
 910 0.422039 
 911 0.422252 
 912 0.421948 
 913 0.422078 
 914 0.422799 
 915 0.422474 
 916 0.422509 
 917 0.422743 
 918 0.422283 
 919 0.421897 
 920 0.421749 
 921 0.422396 
 922 0.421946 
 923 0.421889 
 924 0.421773 
 925 0.421377 
 926 0.422032 
 927 0.421773 
 928 0.422124 
 929 0.421722 
 930 0.423919 
 931 0.423688 
 932 0.423355 
 933 0.422905 
 934 0.422453 
 935 0.422895 
 936 0.423029 
 937 0.423734 
 938 0.423599 
 939 0.423802 
 940 0.423531 
 941 0.423121 
 942 0.422681 
 943 0.423871 
 944 0.423751 
 945 0.423538 
 946 0.423173 
 947 0.425089 
 948 0.425284 
 949 0.424916 
 950 0.425422 
 951 0.424975 
 952 0.425186 
 953 0.426647 
 954 0.426796 
 955 0.426371 
 956 0.426104 
 957 0.425765 
 958 0.425473 
 959 0.425042 
 960 0.425020 
 961 0.424579 
 962 0.424196 
 963 0.423757 
 964 0.424218 
 965 0.423947 
 966 0.423754 
 967 0.424553 
 968 0.424116 
 969 0.424040 
 970 0.424230 
 971 0.424558 
 972 0.424498 
 973 0.424065 
 974 0.423723 
 975 0.424483 
 976 0.424315 
 977 0.423966 
 978 0.424407 
 979 0.424557 
 980 0.425161 
 981 0.424857 
 982 0.424513 
 983 0.424133 
 984 0.423822 
 985 0.423670 
 986 0.423586 
 987 0.423478 
 988 0.423142 
 989 0.423496 
 990 0.424262 
 991 0.423888 
 992 0.423816 
 993 0.423862 
 994 0.423498 
 995 0.423126 
 996 0.423195 
 997 0.423168 
 998 0.422749 
 999 0.422473 
 