1 0.000000 
 2 0.000000 
 3 0.000000 
 4 0.000000 
 5 0.002950 
 6 0.070676 
 7 0.060580 
 8 0.054979 
 9 0.061190 
 10 0.057059 
 11 0.068498 
 12 0.069110 
 13 0.065919 
 14 0.062696 
 15 0.089121 
 16 0.093133 
 17 0.096475 
 18 0.179750 
 19 0.228191 
 20 0.247980 
 21 0.240426 
 22 0.230879 
 23 0.245308 
 24 0.240975 
 25 0.244687 
 26 0.235367 
 27 0.231135 
 28 0.223043 
 29 0.310593 
 30 0.302019 
 31 0.297058 
 32 0.292881 
 33 0.290493 
 34 0.282710 
 35 0.279390 
 36 0.276802 
 37 0.269321 
 38 0.263046 
 39 0.308073 
 40 0.328727 
 41 0.323209 
 42 0.328422 
 43 0.320915 
 44 0.313907 
 45 0.337607 
 46 0.330719 
 47 0.348476 
 48 0.353535 
 49 0.360655 
 50 0.371633 
 51 0.369693 
 52 0.362704 
 53 0.356153 
 54 0.364933 
 55 0.372997 
 56 0.367784 
 57 0.373829 
 58 0.381555 
 59 0.379238 
 60 0.380280 
 61 0.387420 
 62 0.436837 
 63 0.430075 
 64 0.423694 
 65 0.422161 
 66 0.419786 
 67 0.421263 
 68 0.431931 
 69 0.438326 
 70 0.441436 
 71 0.443193 
 72 0.447906 
 73 0.442347 
 74 0.459604 
 75 0.456832 
 76 0.496666 
 77 0.493084 
 78 0.486819 
 79 0.492272 
 80 0.511397 
 81 0.511191 
 82 0.509964 
 83 0.506219 
 84 0.508795 
 85 0.504040 
 86 0.509207 
 87 0.503389 
 88 0.499454 
 89 0.504100 
 90 0.515961 
 91 0.510334 
 92 0.506416 
 93 0.501989 
 94 0.496806 
 95 0.491939 
 96 0.488723 
 97 0.483689 
 98 0.483023 
 99 0.478561 
 100 0.477180 
 101 0.475350 
 102 0.494964 
 103 0.507638 
 104 0.507155 
 105 0.502507 
 106 0.498236 
 107 0.494929 
 108 0.491968 
 109 0.491043 
 110 0.500578 
 111 0.502138 
 112 0.501570 
 113 0.497179 
 114 0.500393 
 115 0.497542 
 116 0.499274 
 117 0.499270 
 118 0.502021 
 119 0.519357 
 120 0.516858 
 121 0.515198 
 122 0.512545 
 123 0.508736 
 124 0.505861 
 125 0.522510 
 126 0.522280 
 127 0.525359 
 128 0.535829 
 129 0.533051 
 130 0.529533 
 131 0.527216 
 132 0.525482 
 133 0.521988 
 134 0.525537 
 135 0.522375 
 136 0.518575 
 137 0.518917 
 138 0.515934 
 139 0.512370 
 140 0.513828 
 141 0.512120 
 142 0.508532 
 143 0.506778 
 144 0.503322 
 145 0.503510 
 146 0.500902 
 147 0.498240 
 148 0.497240 
 149 0.494060 
 150 0.490902 
 151 0.493978 
 152 0.490789 
 153 0.489016 
 154 0.486967 
 155 0.484189 
 156 0.481296 
 157 0.479812 
 158 0.482358 
 159 0.482176 
 160 0.487072 
 161 0.486740 
 162 0.486040 
 163 0.483925 
 164 0.480981 
 165 0.478472 
 166 0.478917 
 167 0.478041 
 168 0.488482 
 169 0.488366 
 170 0.487033 
 171 0.484605 
 172 0.481880 
 173 0.479110 
 174 0.476674 
 175 0.482732 
 176 0.482905 
 177 0.480573 
 178 0.485323 
 179 0.482637 
 180 0.481368 
 181 0.479181 
 182 0.484439 
 183 0.488988 
 184 0.486651 
 185 0.492688 
 186 0.490801 
 187 0.496338 
 188 0.493699 
 189 0.492268 
 190 0.489792 
 191 0.487512 
 192 0.495741 
 193 0.493204 
 194 0.491917 
 195 0.489469 
 196 0.488291 
 197 0.490606 
 198 0.490050 
 199 0.487596 
 200 0.490763 
 201 0.488500 
 202 0.486511 
 203 0.484296 
 204 0.482507 
 205 0.482651 
 206 0.485257 
 207 0.484089 
 208 0.483478 
 209 0.481395 
 210 0.481505 
 211 0.479271 
 212 0.477191 
 213 0.484892 
 214 0.492385 
 215 0.490615 
 216 0.489582 
 217 0.489600 
 218 0.487718 
 219 0.485496 
 220 0.484166 
 221 0.488871 
 222 0.490412 
 223 0.488617 
 224 0.487172 
 225 0.487097 
 226 0.484991 
 227 0.482862 
 228 0.485025 
 229 0.483606 
 230 0.481563 
 231 0.480016 
 232 0.480152 
 233 0.478117 
 234 0.478620 
 235 0.476857 
 236 0.475592 
 237 0.473586 
 238 0.471773 
 239 0.469799 
 240 0.469744 
 241 0.471041 
 242 0.469148 
 243 0.467263 
 244 0.468157 
 245 0.466921 
 246 0.466175 
 247 0.468472 
 248 0.466585 
 249 0.464948 
 250 0.464876 
 251 0.463471 
 252 0.468537 
 253 0.468249 
 254 0.466444 
 255 0.465147 
 256 0.463448 
 257 0.462398 
 258 0.462158 
 259 0.466438 
 260 0.465938 
 261 0.464799 
 262 0.463206 
 263 0.466459 
 264 0.464779 
 265 0.464164 
 266 0.464265 
 267 0.463916 
 268 0.462219 
 269 0.460641 
 270 0.459316 
 271 0.461794 
 272 0.460216 
 273 0.458583 
 274 0.456939 
 275 0.462845 
 276 0.461691 
 277 0.462241 
 278 0.464533 
 279 0.477094 
 280 0.475847 
 281 0.474802 
 282 0.473124 
 283 0.471761 
 284 0.470935 
 285 0.469510 
 286 0.469755 
 287 0.468130 
 288 0.466506 
 289 0.465104 
 290 0.468271 
 291 0.467029 
 292 0.465545 
 293 0.463998 
 294 0.463066 
 295 0.462005 
 296 0.464660 
 297 0.463104 
 298 0.463482 
 299 0.462132 
 300 0.463049 
 301 0.462313 
 302 0.460782 
 303 0.461941 
 304 0.463937 
 305 0.462733 
 306 0.461265 
 307 0.459829 
 308 0.458918 
 309 0.458590 
 310 0.457734 
 311 0.456664 
 312 0.455236 
 313 0.454065 
 314 0.454275 
 315 0.452834 
 316 0.455122 
 317 0.455116 
 318 0.454225 
 319 0.452956 
 320 0.455406 
 321 0.454399 
 322 0.454094 
 323 0.452912 
 324 0.453810 
 325 0.452580 
 326 0.451215 
 327 0.449923 
 328 0.448649 
 329 0.447453 
 330 0.446308 
 331 0.445846 
 332 0.444521 
 333 0.443594 
 334 0.442585 
 335 0.441469 
 336 0.442284 
 337 0.443941 
 338 0.443495 
 339 0.442425 
 340 0.441179 
 341 0.446494 
 342 0.445318 
 343 0.444211 
 344 0.442921 
 345 0.441899 
 346 0.440639 
 347 0.439940 
 348 0.442120 
 349 0.441995 
 350 0.440988 
 351 0.439733 
 352 0.444800 
 353 0.444416 
 354 0.443299 
 355 0.442174 
 356 0.442371 
 357 0.442945 
 358 0.445675 
 359 0.445787 
 360 0.444668 
 361 0.444246 
 362 0.444653 
 363 0.446686 
 364 0.445634 
 365 0.447466 
 366 0.446295 
 367 0.447937 
 368 0.447123 
 369 0.446280 
 370 0.445196 
 371 0.445379 
 372 0.444263 
 373 0.444348 
 374 0.443314 
 375 0.442134 
 376 0.441899 
 377 0.440914 
 378 0.440083 
 379 0.439149 
 380 0.440935 
 381 0.439984 
 382 0.442056 
 383 0.441198 
 384 0.440055 
 385 0.439358 
 386 0.438249 
 387 0.437143 
 388 0.436155 
 389 0.435990 
 390 0.436107 
 391 0.438181 
 392 0.438123 
 393 0.437547 
 394 0.436578 
 395 0.436606 
 396 0.435976 
 397 0.434980 
 398 0.434228 
 399 0.433474 
 400 0.432641 
 401 0.431750 
 402 0.430699 
 403 0.435900 
 404 0.436701 
 405 0.435865 
 406 0.436136 
 407 0.435161 
 408 0.436387 
 409 0.435656 
 410 0.437584 
 411 0.436907 
 412 0.441800 
 413 0.441820 
 414 0.443192 
 415 0.442333 
 416 0.441372 
 417 0.440626 
 418 0.443376 
 419 0.442381 
 420 0.441389 
 421 0.440392 
 422 0.441414 
 423 0.446023 
 424 0.445274 
 425 0.444818 
 426 0.445363 
 427 0.449148 
 428 0.448155 
 429 0.447627 
 430 0.446816 
 431 0.446227 
 432 0.445194 
 433 0.444826 
 434 0.446229 
 435 0.445217 
 436 0.444393 
 437 0.445879 
 438 0.447010 
 439 0.447537 
 440 0.446888 
 441 0.447838 
 442 0.447182 
 443 0.447939 
 444 0.446978 
 445 0.445979 
 446 0.446656 
 447 0.446725 
 448 0.446816 
 449 0.449027 
 450 0.448590 
 451 0.447644 
 452 0.449771 
 453 0.449470 
 454 0.450501 
 455 0.450743 
 456 0.450091 
 457 0.449182 
 458 0.450125 
 459 0.449157 
 460 0.448685 
 461 0.447867 
 462 0.447424 
 463 0.446714 
 464 0.446698 
 465 0.445802 
 466 0.446251 
 467 0.445296 
 468 0.444345 
 469 0.444001 
 470 0.443769 
 471 0.442972 
 472 0.442354 
 473 0.442822 
 474 0.441938 
 475 0.443117 
 476 0.442587 
 477 0.441729 
 478 0.441318 
 479 0.440996 
 480 0.441277 
 481 0.442041 
 482 0.441383 
 483 0.441187 
 484 0.441610 
 485 0.444003 
 486 0.443373 
 487 0.443654 
 488 0.442773 
 489 0.442131 
 490 0.441257 
 491 0.441207 
 492 0.440592 
 493 0.439958 
 494 0.439083 
 495 0.439630 
 496 0.440585 
 497 0.440102 
 498 0.439223 
 499 0.438382 
 500 0.438608 
 501 0.438902 
 502 0.438983 
 503 0.438111 
 504 0.437572 
 505 0.436774 
 506 0.436601 
 507 0.436047 
 508 0.435279 
 509 0.434977 
 510 0.434440 
 511 0.435872 
 512 0.435749 
 513 0.439801 
 514 0.438972 
 515 0.438403 
 516 0.438464 
 517 0.439114 
 518 0.438468 
 519 0.437907 
 520 0.438081 
 521 0.438481 
 522 0.438077 
 523 0.437319 
 524 0.436780 
 525 0.435950 
 526 0.435129 
 527 0.436888 
 528 0.438035 
 529 0.437400 
 530 0.437253 
 531 0.436488 
 532 0.436037 
 533 0.435588 
 534 0.435140 
 535 0.434343 
 536 0.433643 
 537 0.433878 
 538 0.433216 
 539 0.432537 
 540 0.431985 
 541 0.431259 
 542 0.431241 
 543 0.430447 
 544 0.430160 
 545 0.430286 
 546 0.430307 
 547 0.430133 
 548 0.429464 
 549 0.431055 
 550 0.430607 
 551 0.431118 
 552 0.431549 
 553 0.430777 
 554 0.430609 
 555 0.430008 
 556 0.430029 
 557 0.429560 
 558 0.428813 
 559 0.428070 
 560 0.428064 
 561 0.428734 
 562 0.428505 
 563 0.427748 
 564 0.427019 
 565 0.427130 
 566 0.426667 
 567 0.425960 
 568 0.425417 
 569 0.424754 
 570 0.424159 
 571 0.423518 
 572 0.423108 
 573 0.423599 
 574 0.422864 
 575 0.422162 
 576 0.421929 
 577 0.422168 
 578 0.422405 
 579 0.421748 
 580 0.421055 
 581 0.420355 
 582 0.419638 
 583 0.419528 
 584 0.419187 
 585 0.419430 
 586 0.418739 
 587 0.418516 
 588 0.418622 
 589 0.418037 
 590 0.417634 
 591 0.418553 
 592 0.420404 
 593 0.420688 
 594 0.420074 
 595 0.420286 
 596 0.420138 
 597 0.421520 
 598 0.420845 
 599 0.420175 
 600 0.419771 
 601 0.419347 
 602 0.418702 
 603 0.418240 
 604 0.419256 
 605 0.418564 
 606 0.418447 
 607 0.420960 
 608 0.420616 
 609 0.420085 
 610 0.420088 
 611 0.419873 
 612 0.419392 
 613 0.418889 
 614 0.418380 
 615 0.420617 
 616 0.419977 
 617 0.420802 
 618 0.420284 
 619 0.419640 
 620 0.419302 
 621 0.420563 
 622 0.419887 
 623 0.419660 
 624 0.421354 
 625 0.420679 
 626 0.420086 
 627 0.420051 
 628 0.419383 
 629 0.419290 
 630 0.419789 
 631 0.419125 
 632 0.419362 
 633 0.419237 
 634 0.420169 
 635 0.419560 
 636 0.418957 
 637 0.418504 
 638 0.418145 
 639 0.419216 
 640 0.418816 
 641 0.418563 
 642 0.417940 
 643 0.418110 
 644 0.417465 
 645 0.417016 
 646 0.417838 
 647 0.419076 
 648 0.418547 
 649 0.417903 
 650 0.417595 
 651 0.417226 
 652 0.417332 
 653 0.417640 
 654 0.417533 
 655 0.416942 
 656 0.416486 
 657 0.416435 
 658 0.415820 
 659 0.418698 
 660 0.418300 
 661 0.417822 
 662 0.419312 
 663 0.420415 
 664 0.419959 
 665 0.420773 
 666 0.420265 
 667 0.420113 
 668 0.419691 
 669 0.421818 
 670 0.421191 
 671 0.420772 
 672 0.420319 
 673 0.421345 
 674 0.420940 
 675 0.420360 
 676 0.420919 
 677 0.420604 
 678 0.420105 
 679 0.419490 
 680 0.419916 
 681 0.420093 
 682 0.419922 
 683 0.419875 
 684 0.419478 
 685 0.419171 
 686 0.420376 
 687 0.419831 
 688 0.420637 
 689 0.420276 
 690 0.420127 
 691 0.419578 
 692 0.419073 
 693 0.419919 
 694 0.419478 
 695 0.419118 
 696 0.418572 
 697 0.419944 
 698 0.419506 
 699 0.419287 
 700 0.419266 
 701 0.419034 
 702 0.420740 
 703 0.420771 
 704 0.420358 
 705 0.419856 
 706 0.419270 
 707 0.418766 
 708 0.419171 
 709 0.419757 
 710 0.419166 
 711 0.419908 
 712 0.419319 
 713 0.419494 
 714 0.419093 
 715 0.418571 
 716 0.418935 
 717 0.418474 
 718 0.417897 
 719 0.417419 
 720 0.416981 
 721 0.417406 
 722 0.416959 
 723 0.416469 
 724 0.418470 
 725 0.418330 
 726 0.418856 
 727 0.418857 
 728 0.418833 
 729 0.422357 
 730 0.421783 
 731 0.421876 
 732 0.421623 
 733 0.421927 
 734 0.421912 
 735 0.421491 
 736 0.422508 
 737 0.421936 
 738 0.422154 
 739 0.421599 
 740 0.422560 
 741 0.423699 
 742 0.423699 
 743 0.423813 
 744 0.423362 
 745 0.426881 
 746 0.426310 
 747 0.426036 
 748 0.425557 
 749 0.425204 
 750 0.425377 
 751 0.424811 
 752 0.424638 
 753 0.427088 
 754 0.428034 
 755 0.427511 
 756 0.428044 
 757 0.434737 
 758 0.434399 
 759 0.434100 
 760 0.433577 
 761 0.433018 
 762 0.432473 
 763 0.432070 
 764 0.431509 
 765 0.431950 
 766 0.431989 
 767 0.436151 
 768 0.435647 
 769 0.435081 
 770 0.434597 
 771 0.434743 
 772 0.435933 
 773 0.437315 
 774 0.438065 
 775 0.438389 
 776 0.437825 
 777 0.438213 
 778 0.438083 
 779 0.438258 
 780 0.439403 
 781 0.439082 
 782 0.440452 
 783 0.439924 
 784 0.439914 
 785 0.439465 
 786 0.439071 
 787 0.438776 
 788 0.438736 
 789 0.438244 
 790 0.437847 
 791 0.437794 
 792 0.440424 
 793 0.440393 
 794 0.440481 
 795 0.440397 
 796 0.440428 
 797 0.439901 
 798 0.439810 
 799 0.439282 
 800 0.438891 
 801 0.438409 
 802 0.437932 
 803 0.437423 
 804 0.437326 
 805 0.437799 
 806 0.437826 
 807 0.438308 
 808 0.438123 
 809 0.437760 
 810 0.438471 
 811 0.438347 
 812 0.439113 
 813 0.439718 
 814 0.439573 
 815 0.439494 
 816 0.440105 
 817 0.439739 
 818 0.440460 
 819 0.440484 
 820 0.440150 
 821 0.439627 
 822 0.439105 
 823 0.438598 
 824 0.438124 
 825 0.437783 
 826 0.437254 
 827 0.436751 
 828 0.436352 
 829 0.435931 
 830 0.435787 
 831 0.435296 
 832 0.434776 
 833 0.434293 
 834 0.434039 
 835 0.434006 
 836 0.433539 
 837 0.433355 
 838 0.432934 
 839 0.432791 
 840 0.433917 
 841 0.433403 
 842 0.433065 
 843 0.435219 
 844 0.435381 
 845 0.434980 
 846 0.434533 
 847 0.434101 
 848 0.433835 
 849 0.435318 
 850 0.434810 
 851 0.434453 
 852 0.434002 
 853 0.433668 
 854 0.433219 
 855 0.433142 
 856 0.433272 
 857 0.432990 
 858 0.432488 
 859 0.433140 
 860 0.433445 
 861 0.432944 
 862 0.432649 
 863 0.432835 
 864 0.432390 
 865 0.432055 
 866 0.431696 
 867 0.431295 
 868 0.430904 
 869 0.431254 
 870 0.431009 
 871 0.430551 
 872 0.430250 
 873 0.430065 
 874 0.429617 
 875 0.429154 
 876 0.428754 
 877 0.428802 
 878 0.428442 
 879 0.428021 
 880 0.427555 
 881 0.427071 
 882 0.426625 
 883 0.427421 
 884 0.426945 
 885 0.427393 
 886 0.428611 
 887 0.428497 
 888 0.428111 
 889 0.428414 
 890 0.428017 
 891 0.427909 
 892 0.428082 
 893 0.427860 
 894 0.427861 
 895 0.428584 
 896 0.430167 
 897 0.429868 
 898 0.429398 
 899 0.429141 
 900 0.429663 
 901 0.429316 
 902 0.428880 
 903 0.429124 
 904 0.429145 
 905 0.429189 
 906 0.428766 
 907 0.429034 
 908 0.429567 
 909 0.430074 
 910 0.429711 
 911 0.429417 
 912 0.428953 
 913 0.428490 
 914 0.428024 
 915 0.427614 
 916 0.427534 
 917 0.427133 
 918 0.426686 
 919 0.426305 
 920 0.426255 
 921 0.426421 
 922 0.425968 
 923 0.425657 
 924 0.427020 
 925 0.426631 
 926 0.427498 
 927 0.427386 
 928 0.427595 
 929 0.427135 
 930 0.427378 
 931 0.426964 
 932 0.426540 
 933 0.426120 
 934 0.425687 
 935 0.425307 
 936 0.424897 
 937 0.424593 
 938 0.424142 
 939 0.425658 
 940 0.425279 
 941 0.424854 
 942 0.428207 
 943 0.428936 
 944 0.428486 
 945 0.428082 
 946 0.428775 
 947 0.428995 
 948 0.429154 
 949 0.430165 
 950 0.429750 
 951 0.429486 
 952 0.429077 
 953 0.429429 
 954 0.429734 
 955 0.429644 
 956 0.430008 
 957 0.430861 
 958 0.430879 
 959 0.430432 
 960 0.430166 
 961 0.431126 
 962 0.431502 
 963 0.431400 
 964 0.431187 
 965 0.430912 
 966 0.430524 
 967 0.430334 
 968 0.430217 
 969 0.430290 
 970 0.430683 
 971 0.430550 
 972 0.430178 
 973 0.430362 
 974 0.429974 
 975 0.429691 
 976 0.429430 
 977 0.429533 
 978 0.429241 
 979 0.428804 
 980 0.428447 
 981 0.428010 
 982 0.427611 
 983 0.427176 
 984 0.427483 
 985 0.428485 
 986 0.428781 
 987 0.429470 
 988 0.429260 
 989 0.429147 
 990 0.428990 
 991 0.428557 
 992 0.428510 
 993 0.428197 
 994 0.428068 
 995 0.427648 
 996 0.427721 
 997 0.427313 
 998 0.426885 
 999 0.428065 
 