1 0.000000 
 2 0.000000 
 3 0.000000 
 4 0.000000 
 5 0.009599 
 6 0.082569 
 7 0.111428 
 8 0.124829 
 9 0.111016 
 10 0.109186 
 11 0.100811 
 12 0.092422 
 13 0.086202 
 14 0.101743 
 15 0.096422 
 16 0.113103 
 17 0.106735 
 18 0.107227 
 19 0.123401 
 20 0.203296 
 21 0.253666 
 22 0.242373 
 23 0.232182 
 24 0.223688 
 25 0.214853 
 26 0.219854 
 27 0.221078 
 28 0.234291 
 29 0.231638 
 30 0.297077 
 31 0.288603 
 32 0.281940 
 33 0.273569 
 34 0.301554 
 35 0.326254 
 36 0.325422 
 37 0.322411 
 38 0.325622 
 39 0.343087 
 40 0.364397 
 41 0.375473 
 42 0.393893 
 43 0.384746 
 44 0.376100 
 45 0.373005 
 46 0.371193 
 47 0.363304 
 48 0.413605 
 49 0.406212 
 50 0.407924 
 51 0.399926 
 52 0.394608 
 53 0.387167 
 54 0.408500 
 55 0.404794 
 56 0.403681 
 57 0.397035 
 58 0.390889 
 59 0.402795 
 60 0.403253 
 61 0.399923 
 62 0.394052 
 63 0.417253 
 64 0.415877 
 65 0.422221 
 66 0.437304 
 67 0.435250 
 68 0.442552 
 69 0.451196 
 70 0.451251 
 71 0.460458 
 72 0.454427 
 73 0.448391 
 74 0.445587 
 75 0.451940 
 76 0.452814 
 77 0.479278 
 78 0.481441 
 79 0.477557 
 80 0.475325 
 81 0.480346 
 82 0.474488 
 83 0.486106 
 84 0.480882 
 85 0.478293 
 86 0.481402 
 87 0.478709 
 88 0.473381 
 89 0.469762 
 90 0.464553 
 91 0.465712 
 92 0.463947 
 93 0.461003 
 94 0.457422 
 95 0.459713 
 96 0.455048 
 97 0.451077 
 98 0.452191 
 99 0.448711 
 100 0.448408 
 101 0.444057 
 102 0.441724 
 103 0.444018 
 104 0.442932 
 105 0.441589 
 106 0.437866 
 107 0.434386 
 108 0.434989 
 109 0.433611 
 110 0.430362 
 111 0.431601 
 112 0.430916 
 113 0.428628 
 114 0.425461 
 115 0.433848 
 116 0.443048 
 117 0.439261 
 118 0.435542 
 119 0.433347 
 120 0.430070 
 121 0.427197 
 122 0.428075 
 123 0.429656 
 124 0.433091 
 125 0.436632 
 126 0.434372 
 127 0.431519 
 128 0.428231 
 129 0.448962 
 130 0.450114 
 131 0.450128 
 132 0.465223 
 133 0.468124 
 134 0.470492 
 135 0.467044 
 136 0.464569 
 137 0.461329 
 138 0.461418 
 139 0.458230 
 140 0.456929 
 141 0.463142 
 142 0.462202 
 143 0.458978 
 144 0.456665 
 145 0.456930 
 146 0.456125 
 147 0.453942 
 148 0.453669 
 149 0.453179 
 150 0.477026 
 151 0.479855 
 152 0.478220 
 153 0.475108 
 154 0.474997 
 155 0.483449 
 156 0.480353 
 157 0.485499 
 158 0.484620 
 159 0.483113 
 160 0.480116 
 161 0.478784 
 162 0.475836 
 163 0.473720 
 164 0.471106 
 165 0.482495 
 166 0.481074 
 167 0.478243 
 168 0.476538 
 169 0.474098 
 170 0.472416 
 171 0.475754 
 172 0.474795 
 173 0.473162 
 174 0.471147 
 175 0.481533 
 176 0.480501 
 177 0.477906 
 178 0.475651 
 179 0.475756 
 180 0.473196 
 181 0.471079 
 182 0.471137 
 183 0.468727 
 184 0.466985 
 185 0.464625 
 186 0.465774 
 187 0.463319 
 188 0.465501 
 189 0.463816 
 190 0.480547 
 191 0.478072 
 192 0.477472 
 193 0.475220 
 194 0.473003 
 195 0.471992 
 196 0.474434 
 197 0.472167 
 198 0.469970 
 199 0.467914 
 200 0.466716 
 201 0.464978 
 202 0.463522 
 203 0.468961 
 204 0.467535 
 205 0.465267 
 206 0.463078 
 207 0.466677 
 208 0.469728 
 209 0.474402 
 210 0.472975 
 211 0.471522 
 212 0.470159 
 213 0.468003 
 214 0.466765 
 215 0.476199 
 216 0.475100 
 217 0.472911 
 218 0.475726 
 219 0.473772 
 220 0.471949 
 221 0.476025 
 222 0.473881 
 223 0.471896 
 224 0.469993 
 225 0.474820 
 226 0.472724 
 227 0.477523 
 228 0.479276 
 229 0.479873 
 230 0.480663 
 231 0.478847 
 232 0.482750 
 233 0.483186 
 234 0.481186 
 235 0.480892 
 236 0.479110 
 237 0.478716 
 238 0.476804 
 239 0.477715 
 240 0.476771 
 241 0.475471 
 242 0.473725 
 243 0.479350 
 244 0.478355 
 245 0.476723 
 246 0.480896 
 247 0.478969 
 248 0.477051 
 249 0.475326 
 250 0.474848 
 251 0.474639 
 252 0.476071 
 253 0.474190 
 254 0.475861 
 255 0.475658 
 256 0.473800 
 257 0.471970 
 258 0.471711 
 259 0.472935 
 260 0.479419 
 261 0.479763 
 262 0.477991 
 263 0.479832 
 264 0.478014 
 265 0.480535 
 266 0.481199 
 267 0.480201 
 268 0.479014 
 269 0.477461 
 270 0.476176 
 271 0.474468 
 272 0.474709 
 273 0.474598 
 274 0.474353 
 275 0.472892 
 276 0.471252 
 277 0.469644 
 278 0.470534 
 279 0.468883 
 280 0.467343 
 281 0.465896 
 282 0.467642 
 283 0.466100 
 284 0.464589 
 285 0.462978 
 286 0.461758 
 287 0.460473 
 288 0.458878 
 289 0.458438 
 290 0.458597 
 291 0.461710 
 292 0.460668 
 293 0.460173 
 294 0.458620 
 295 0.458506 
 296 0.457740 
 297 0.459550 
 298 0.458389 
 299 0.456993 
 300 0.455479 
 301 0.453991 
 302 0.452529 
 303 0.451278 
 304 0.453512 
 305 0.452062 
 306 0.451396 
 307 0.451308 
 308 0.449926 
 309 0.448471 
 310 0.447118 
 311 0.446182 
 312 0.446706 
 313 0.446257 
 314 0.448840 
 315 0.447766 
 316 0.447086 
 317 0.446346 
 318 0.450603 
 319 0.449826 
 320 0.453610 
 321 0.459348 
 322 0.459590 
 323 0.462484 
 324 0.461539 
 325 0.460257 
 326 0.460392 
 327 0.464281 
 328 0.462929 
 329 0.462704 
 330 0.461403 
 331 0.460111 
 332 0.463052 
 333 0.464507 
 334 0.465509 
 335 0.464363 
 336 0.466152 
 337 0.465874 
 338 0.464564 
 339 0.465727 
 340 0.471722 
 341 0.471177 
 342 0.473786 
 343 0.472572 
 344 0.477605 
 345 0.476405 
 346 0.477436 
 347 0.476485 
 348 0.486750 
 349 0.486036 
 350 0.484746 
 351 0.483430 
 352 0.482751 
 353 0.481391 
 354 0.480063 
 355 0.486918 
 356 0.488993 
 357 0.487855 
 358 0.486547 
 359 0.485216 
 360 0.484494 
 361 0.483552 
 362 0.482554 
 363 0.482879 
 364 0.486776 
 365 0.485442 
 366 0.485721 
 367 0.484673 
 368 0.483471 
 369 0.483416 
 370 0.482301 
 371 0.487841 
 372 0.486663 
 373 0.486865 
 374 0.491634 
 375 0.490352 
 376 0.489717 
 377 0.488505 
 378 0.490896 
 379 0.489663 
 380 0.488375 
 381 0.487611 
 382 0.486375 
 383 0.485450 
 384 0.484213 
 385 0.484617 
 386 0.483784 
 387 0.483656 
 388 0.487332 
 389 0.487155 
 390 0.485945 
 391 0.484707 
 392 0.483753 
 393 0.482971 
 394 0.482557 
 395 0.487090 
 396 0.487116 
 397 0.486899 
 398 0.486265 
 399 0.485588 
 400 0.484407 
 401 0.483501 
 402 0.484043 
 403 0.483202 
 404 0.484574 
 405 0.483515 
 406 0.482329 
 407 0.481329 
 408 0.480463 
 409 0.479426 
 410 0.478324 
 411 0.479363 
 412 0.478429 
 413 0.480134 
 414 0.479078 
 415 0.480349 
 416 0.479597 
 417 0.479226 
 418 0.478449 
 419 0.477307 
 420 0.476183 
 421 0.475160 
 422 0.474574 
 423 0.476121 
 424 0.475847 
 425 0.474727 
 426 0.473669 
 427 0.472643 
 428 0.472209 
 429 0.471889 
 430 0.470797 
 431 0.469823 
 432 0.470350 
 433 0.469335 
 434 0.469032 
 435 0.468851 
 436 0.468532 
 437 0.467954 
 438 0.468023 
 439 0.467015 
 440 0.466046 
 441 0.466466 
 442 0.465652 
 443 0.464601 
 444 0.463733 
 445 0.462827 
 446 0.464271 
 447 0.467637 
 448 0.466832 
 449 0.465896 
 450 0.465317 
 451 0.464616 
 452 0.464823 
 453 0.467546 
 454 0.468257 
 455 0.468041 
 456 0.467358 
 457 0.466708 
 458 0.465812 
 459 0.466692 
 460 0.465685 
 461 0.465000 
 462 0.466909 
 463 0.471936 
 464 0.471048 
 465 0.471746 
 466 0.471941 
 467 0.471168 
 468 0.470589 
 469 0.469702 
 470 0.469712 
 471 0.471313 
 472 0.472463 
 473 0.472156 
 474 0.471265 
 475 0.470378 
 476 0.469520 
 477 0.469749 
 478 0.468796 
 479 0.467955 
 480 0.468047 
 481 0.467477 
 482 0.466515 
 483 0.466566 
 484 0.465605 
 485 0.464909 
 486 0.466756 
 487 0.466080 
 488 0.465150 
 489 0.468433 
 490 0.467703 
 491 0.466751 
 492 0.465873 
 493 0.467557 
 494 0.466698 
 495 0.466412 
 496 0.467029 
 497 0.466801 
 498 0.465924 
 499 0.470504 
 500 0.469567 
 501 0.469083 
 502 0.470481 
 503 0.469569 
 504 0.468641 
 505 0.467718 
 506 0.468223 
 507 0.468719 
 508 0.468936 
 509 0.468060 
 510 0.467375 
 511 0.466636 
 512 0.466070 
 513 0.465383 
 514 0.464963 
 515 0.464128 
 516 0.467030 
 517 0.466200 
 518 0.465405 
 519 0.464514 
 520 0.464848 
 521 0.464932 
 522 0.464382 
 523 0.463972 
 524 0.464417 
 525 0.463617 
 526 0.462920 
 527 0.463516 
 528 0.463008 
 529 0.462199 
 530 0.462229 
 531 0.461764 
 532 0.461016 
 533 0.460443 
 534 0.464347 
 535 0.463954 
 536 0.464344 
 537 0.464913 
 538 0.464050 
 539 0.463250 
 540 0.462940 
 541 0.462680 
 542 0.463011 
 543 0.463740 
 544 0.462897 
 545 0.463558 
 546 0.463002 
 547 0.468353 
 548 0.467840 
 549 0.466990 
 550 0.467959 
 551 0.467110 
 552 0.466265 
 553 0.465525 
 554 0.464692 
 555 0.466680 
 556 0.466330 
 557 0.468019 
 558 0.467899 
 559 0.468851 
 560 0.468077 
 561 0.467409 
 562 0.466578 
 563 0.467852 
 564 0.467360 
 565 0.469498 
 566 0.468730 
 567 0.470726 
 568 0.469981 
 569 0.469183 
 570 0.469562 
 571 0.469291 
 572 0.468601 
 573 0.468548 
 574 0.468016 
 575 0.470369 
 576 0.470166 
 577 0.475132 
 578 0.476264 
 579 0.475559 
 580 0.477368 
 581 0.476618 
 582 0.476662 
 583 0.477540 
 584 0.477430 
 585 0.477174 
 586 0.476868 
 587 0.477151 
 588 0.476608 
 589 0.479160 
 590 0.478610 
 591 0.477955 
 592 0.477389 
 593 0.476587 
 594 0.481782 
 595 0.481200 
 596 0.480525 
 597 0.480092 
 598 0.479409 
 599 0.478609 
 600 0.478642 
 601 0.477846 
 602 0.477578 
 603 0.476790 
 604 0.476698 
 605 0.475964 
 606 0.476803 
 607 0.476762 
 608 0.475989 
 609 0.475905 
 610 0.475291 
 611 0.474691 
 612 0.474544 
 613 0.474015 
 614 0.473941 
 615 0.474036 
 616 0.474433 
 617 0.473703 
 618 0.474438 
 619 0.476271 
 620 0.475507 
 621 0.476466 
 622 0.478390 
 623 0.477754 
 624 0.477008 
 625 0.476248 
 626 0.476248 
 627 0.475624 
 628 0.474873 
 629 0.474131 
 630 0.473966 
 631 0.473464 
 632 0.473410 
 633 0.472668 
 634 0.471928 
 635 0.471374 
 636 0.472009 
 637 0.471502 
 638 0.470818 
 639 0.470146 
 640 0.471803 
 641 0.471185 
 642 0.472163 
 643 0.472254 
 644 0.471893 
 645 0.474897 
 646 0.477376 
 647 0.477660 
 648 0.477946 
 649 0.477447 
 650 0.481149 
 651 0.480552 
 652 0.479992 
 653 0.479499 
 654 0.479468 
 655 0.479542 
 656 0.480409 
 657 0.479721 
 658 0.479618 
 659 0.479536 
 660 0.479630 
 661 0.480313 
 662 0.479604 
 663 0.478888 
 664 0.478171 
 665 0.477618 
 666 0.478936 
 667 0.478280 
 668 0.477639 
 669 0.477217 
 670 0.476804 
 671 0.478726 
 672 0.478036 
 673 0.477552 
 674 0.477232 
 675 0.478961 
 676 0.478366 
 677 0.477660 
 678 0.477086 
 679 0.476746 
 680 0.476052 
 681 0.476155 
 682 0.475612 
 683 0.475555 
 684 0.474860 
 685 0.474175 
 686 0.473662 
 687 0.472985 
 688 0.473086 
 689 0.472504 
 690 0.472483 
 691 0.471803 
 692 0.473442 
 693 0.474437 
 694 0.474000 
 695 0.473832 
 696 0.473151 
 697 0.473388 
 698 0.473768 
 699 0.476447 
 700 0.475942 
 701 0.475368 
 702 0.474955 
 703 0.474831 
 704 0.474157 
 705 0.474139 
 706 0.473893 
 707 0.473224 
 708 0.473975 
 709 0.473714 
 710 0.473330 
 711 0.472769 
 712 0.474391 
 713 0.474234 
 714 0.474269 
 715 0.474024 
 716 0.475566 
 717 0.475047 
 718 0.474395 
 719 0.473795 
 720 0.473585 
 721 0.472949 
 722 0.473150 
 723 0.472496 
 724 0.475451 
 725 0.476142 
 726 0.476216 
 727 0.481399 
 728 0.480742 
 729 0.480129 
 730 0.480285 
 731 0.480549 
 732 0.480154 
 733 0.479829 
 734 0.479182 
 735 0.478649 
 736 0.478036 
 737 0.477632 
 738 0.477050 
 739 0.476441 
 740 0.476107 
 741 0.478827 
 742 0.479951 
 743 0.481175 
 744 0.480589 
 745 0.480180 
 746 0.479833 
 747 0.479191 
 748 0.481311 
 749 0.480685 
 750 0.480426 
 751 0.479791 
 752 0.480429 
 753 0.480625 
 754 0.480486 
 755 0.480046 
 756 0.479513 
 757 0.480074 
 758 0.479441 
 759 0.478810 
 760 0.480128 
 761 0.479596 
 762 0.479224 
 763 0.478716 
 764 0.478133 
 765 0.477626 
 766 0.477464 
 767 0.476892 
 768 0.476459 
 769 0.476220 
 770 0.475671 
 771 0.475393 
 772 0.474910 
 773 0.475167 
 774 0.474852 
 775 0.474585 
 776 0.474102 
 777 0.473938 
 778 0.473712 
 779 0.474435 
 780 0.474315 
 781 0.474176 
 782 0.473571 
 783 0.474648 
 784 0.474405 
 785 0.473982 
 786 0.473409 
 787 0.475818 
 788 0.475898 
 789 0.475319 
 790 0.475756 
 791 0.476458 
 792 0.475919 
 793 0.475485 
 794 0.474968 
 795 0.474574 
 796 0.474053 
 797 0.473474 
 798 0.472949 
 799 0.472518 
 800 0.472452 
 801 0.472475 
 802 0.471954 
 803 0.471366 
 804 0.471432 
 805 0.471014 
 806 0.470486 
 807 0.469943 
 808 0.470753 
 809 0.470717 
 810 0.470139 
 811 0.469562 
 812 0.469992 
 813 0.469580 
 814 0.469019 
 815 0.468458 
 816 0.468156 
 817 0.468046 
 818 0.468732 
 819 0.468183 
 820 0.467923 
 821 0.467601 
 822 0.467070 
 823 0.466927 
 824 0.470032 
 825 0.469696 
 826 0.469212 
 827 0.468876 
 828 0.468351 
 829 0.467789 
 830 0.467334 
 831 0.466833 
 832 0.466356 
 833 0.465954 
 834 0.466129 
 835 0.465919 
 836 0.465576 
 837 0.465233 
 838 0.465261 
 839 0.466627 
 840 0.466071 
 841 0.465557 
 842 0.465005 
 843 0.464670 
 844 0.464702 
 845 0.464205 
 846 0.463727 
 847 0.463202 
 848 0.462656 
 849 0.462663 
 850 0.462134 
 851 0.461692 
 852 0.462661 
 853 0.462140 
 854 0.461838 
 855 0.461408 
 856 0.461031 
 857 0.460967 
 858 0.460441 
 859 0.460231 
 860 0.459727 
 861 0.459537 
 862 0.459779 
 863 0.459283 
 864 0.459870 
 865 0.459619 
 866 0.460255 
 867 0.459727 
 868 0.460950 
 869 0.462109 
 870 0.462002 
 871 0.461472 
 872 0.461669 
 873 0.461552 
 874 0.461262 
 875 0.460841 
 876 0.460500 
 877 0.460547 
 878 0.460261 
 879 0.460241 
 880 0.460998 
 881 0.460527 
 882 0.460415 
 883 0.460011 
 884 0.460953 
 885 0.463531 
 886 0.463976 
 887 0.463690 
 888 0.463211 
 889 0.464635 
 890 0.464390 
 891 0.463878 
 892 0.464454 
 893 0.464533 
 894 0.464398 
 895 0.463896 
 896 0.463382 
 897 0.465044 
 898 0.465550 
 899 0.465243 
 900 0.464837 
 901 0.465137 
 902 0.464628 
 903 0.464154 
 904 0.463693 
 905 0.463786 
 906 0.463292 
 907 0.463550 
 908 0.463372 
 909 0.463152 
 910 0.462714 
 911 0.464137 
 912 0.464120 
 913 0.463787 
 914 0.463350 
 915 0.462861 
 916 0.462464 
 917 0.461990 
 918 0.461488 
 919 0.461023 
 920 0.460927 
 921 0.463615 
 922 0.465519 
 923 0.466819 
 924 0.466314 
 925 0.466089 
 926 0.465587 
 927 0.465098 
 928 0.464633 
 929 0.464482 
 930 0.464153 
 931 0.464067 
 932 0.464120 
 933 0.463786 
 934 0.463429 
 935 0.463154 
 936 0.463072 
 937 0.462700 
 938 0.462306 
 939 0.461828 
 940 0.461337 
 941 0.461280 
 942 0.460804 
 943 0.460569 
 944 0.460276 
 945 0.459832 
 946 0.459432 
 947 0.459007 
 948 0.459880 
 949 0.459733 
 950 0.460786 
 951 0.461873 
 952 0.461484 
 953 0.461521 
 954 0.461755 
 955 0.461327 
 956 0.461679 
 957 0.461227 
 958 0.461014 
 959 0.461002 
 960 0.460557 
 961 0.460445 
 962 0.460075 
 963 0.459701 
 964 0.459388 
 965 0.459789 
 966 0.459536 
 967 0.459098 
 968 0.459587 
 969 0.459410 
 970 0.458989 
 971 0.459822 
 972 0.460654 
 973 0.461264 
 974 0.460863 
 975 0.461031 
 976 0.460650 
 977 0.460582 
 978 0.460129 
 979 0.460445 
 980 0.459990 
 981 0.460449 
 982 0.461816 
 983 0.461472 
 984 0.461040 
 985 0.460618 
 986 0.460154 
 987 0.460042 
 988 0.459630 
 989 0.459328 
 990 0.459712 
 991 0.459762 
 992 0.459310 
 993 0.458873 
 994 0.458479 
 995 0.458026 
 996 0.457783 
 997 0.457336 
 998 0.457195 
 999 0.457558 
 