0 0.866644
1 0.512192
2 0.350562
3 0.251711
4 0.173570
5 0.106969
6 0.090587
7 0.101736
8 0.101778
9 0.098714
10 0.110345
11 0.108550
12 0.100085
13 0.090781
14 0.080164
15 0.073831
16 0.072070
17 0.073192
18 0.075588
19 0.071543
20 0.071130
21 0.072266
22 0.070636
23 0.068735
24 0.065967
25 0.062254
26 0.059203
27 0.058217
28 0.057777
29 0.057060
30 0.055680
31 0.054589
32 0.053479
33 0.052352
34 0.051940
35 0.051242
36 0.050539
37 0.049615
38 0.049209
39 0.048528
40 0.048123
41 0.047662
42 0.046586
43 0.045604
44 0.044844
45 0.043667
46 0.042544
47 0.041888
48 0.041129
49 0.040386
50 0.040175
51 0.039912
52 0.040007
53 0.039513
54 0.038904
55 0.038479
56 0.037768
57 0.036537
58 0.036123
59 0.035697
60 0.035249
61 0.034895
62 0.035051
63 0.035033
64 0.034945
65 0.034595
66 0.034644
67 0.034444
68 0.034101
69 0.033816
70 0.033364
71 0.033120
72 0.032899
73 0.032365
74 0.031741
75 0.031067
76 0.030280
77 0.029445
78 0.028850
79 0.027931
80 0.027184
81 0.026285
82 0.025498
83 0.024683
84 0.024482
85 0.023687
86 0.022874
87 0.022176
88 0.021569
89 0.020687
90 0.019971
91 0.019933
92 0.019608
93 0.018883
94 0.018325
95 0.017760
96 0.017614
97 0.017253
98 0.016526
99 0.016022
100 0.015508
101 0.014648
102 0.013891
103 0.013037
104 0.012454
105 0.011732
106 0.011697
107 0.011211
108 0.011295
109 0.011115
110 0.010841
111 0.010507
112 0.010270
113 0.009989
114 0.009496
115 0.009218
116 0.008852
117 0.008343
118 0.008320
119 0.008197
120 0.007605
121 0.007184
122 0.007048
123 0.007332
124 0.007327
125 0.007612
126 0.007889
127 0.007491
128 0.007065
129 0.006768
130 0.006335
131 0.006097
132 0.006188
133 0.006096
134 0.006078
135 0.006438
136 0.006593
137 0.006674
138 0.006654
139 0.007220
140 0.007165
141 0.007100
142 0.007674
143 0.008122
144 0.008238
145 0.008217
146 0.008166
147 0.007998
148 0.008039
149 0.007862
150 0.007616
151 0.007744
152 0.007675
153 0.007649
154 0.007603
155 0.008079
156 0.007934
157 0.007813
158 0.007637
159 0.007755
160 0.007655
161 0.007451
162 0.007281
163 0.007048
164 0.007177
165 0.007016
166 0.007152
167 0.007161
168 0.007301
169 0.007263
170 0.007285
171 0.007193
172 0.007072
173 0.007505
174 0.007493
175 0.007218
176 0.007321
177 0.007044
178 0.006794
179 0.006515
180 0.006448
181 0.006495
182 0.006382
183 0.005979
184 0.005658
185 0.005173
186 0.005064
187 0.004816
188 0.004942
189 0.004846
190 0.004935
191 0.004661
192 0.005027
193 0.004868
194 0.004628
195 0.005029
196 0.004847
197 0.005045
198 0.004824
199 0.004621
200 0.004388
201 0.004271
202 0.004156
203 0.004084
204 0.004156
205 0.004489
206 0.005129
207 0.006355
208 0.006208
209 0.006049
210 0.005930
211 0.005934
212 0.006042
213 0.006077
214 0.006366
215 0.006163
216 0.006017
217 0.006165
218 0.006158
219 0.006083
220 0.006108
221 0.006185
222 0.006089
223 0.005965
224 0.006057
225 0.005886
226 0.006158
227 0.006095
228 0.005927
229 0.005808
230 0.005864
231 0.005814
232 0.005644
233 0.005713
234 0.005799
235 0.005808
236 0.005807
237 0.005742
238 0.005622
239 0.005818
240 0.005852
241 0.005843
242 0.005947
243 0.005777
244 0.005793
245 0.005916
246 0.005720
247 0.005554
248 0.005383
249 0.005325
250 0.005352
251 0.005157
252 0.005191
253 0.005156
254 0.005006
255 0.004978
256 0.004759
257 0.004688
258 0.004445
259 0.004249
260 0.004060
261 0.003962
262 0.003760
263 0.003500
264 0.003598
265 0.003725
266 0.003888
267 0.003767
268 0.004229
269 0.004092
270 0.003914
271 0.003944
272 0.003714
273 0.003572
274 0.003435
275 0.003236
276 0.003030
277 0.002928
278 0.003027
279 0.002893
280 0.002747
281 0.002593
282 0.002352
283 0.002065
284 0.002380
285 0.002788
286 0.003860
287 0.003802
288 0.003455
289 0.003269
290 0.003421
291 0.003266
292 0.003028
293 0.003202
294 0.003233
295 0.003034
296 0.002757
297 0.002699
298 0.002736
299 0.002487
300 0.002388
301 0.002605
302 0.002362
303 0.002185
304 0.002215
305 0.002110
306 0.001993
307 0.002265
308 0.002522
309 0.002408
310 0.002144
311 0.001912
312 0.001768
313 0.001801
314 0.001531
315 0.001442
316 0.001235
317 0.001377
318 0.001320
319 0.001684
320 0.001459
321 0.001787
322 0.001809
323 0.002087
324 0.001978
325 0.001940
326 0.001685
327 0.001393
328 0.001517
329 0.001655
330 0.001387
331 0.001135
332 0.001012
333 0.000826
334 0.000751
335 0.000461
336 0.000132
337 -0.000060
338 0.000426
339 0.000111
340 -0.000217
341 -0.000290
342 -0.000532
343 -0.000285
344 -0.000311
345 -0.000324
346 -0.000650
347 -0.000731
348 -0.000998
349 -0.000766
350 -0.001064
351 -0.000827
352 -0.001078
353 -0.001146
354 -0.001108
355 -0.001119
356 -0.001369
357 -0.001582
358 -0.001766
359 -0.001654
360 -0.001856
361 -0.001436
362 -0.001689
363 -0.001639
364 -0.001514
365 -0.001422
366 -0.001499
367 -0.001631
368 -0.001700
369 -0.001542
370 -0.001708
371 -0.001388
372 -0.001613
373 -0.001898
374 -0.001574
375 -0.001863
376 -0.002166
377 -0.002473
378 -0.002529
379 -0.002794
380 -0.003079
381 -0.002284
382 -0.002558
383 -0.002844
384 -0.002998
385 -0.003258
386 -0.003292
387 -0.003470
388 -0.002630
389 -0.002958
390 -0.003273
391 -0.003604
392 -0.003955
393 -0.003924
394 -0.004124
395 -0.004486
396 -0.004203
397 -0.004524
398 -0.004865
399 -0.004887
400 -0.004999
401 -0.004469
402 -0.004652
403 -0.004946
404 -0.004867
405 -0.004823
406 -0.004753
407 -0.004260
408 -0.004128
409 -0.004057
410 -0.004358
411 -0.004599
412 -0.004692
413 -0.005010
414 -0.005099
415 -0.005324
416 -0.005271
417 -0.005034
418 -0.005189
419 -0.005529
420 -0.005659
421 -0.005718
422 -0.005856
423 -0.006178
424 -0.006383
425 -0.006614
426 -0.006678
427 -0.007041
428 -0.007066
429 -0.006471
430 -0.005633
431 -0.005597
432 -0.005287
433 -0.005438
434 -0.005731
435 -0.004861
436 -0.004933
437 -0.004227
438 -0.003750
439 -0.003973
440 -0.003972
441 -0.004151
442 -0.002801
443 -0.002510
444 -0.002684
445 -0.002523
446 -0.002501
447 -0.002368
448 -0.002525
449 -0.002505
450 -0.002542
451 -0.002725
452 -0.002864
453 -0.002988
454 -0.003063
455 -0.002941
456 -0.003003
457 -0.002203
458 -0.001726
459 -0.001917
460 -0.001753
461 -0.001528
462 -0.001091
463 -0.001038
464 -0.001152
465 -0.001333
466 -0.001546
467 -0.000272
468 -0.000299
469 -0.000399
470 -0.000595
471 -0.000546
472 -0.000767
473 -0.001000
474 -0.000879
475 -0.001110
476 -0.001226
477 -0.001005
478 -0.000319
479 -0.000176
480 -0.000164
481 -0.000386
482 -0.000041
483 -0.000232
484 -0.000425
485 -0.000671
486 -0.000801
487 -0.000561
488 -0.000824
489 -0.000976
490 -0.001264
491 0.000115
492 -0.000082
493 -0.000327
494 -0.000495
495 -0.000722
496 -0.001034
497 -0.001065
498 -0.000450
499 -0.000103
